token,id,G1,G2,G3,G4,G5,G6,G7,G8
abandon,1,6.595064987702573e-07,0.33333330228018015,7.084630317302297e-07,9.062296377998628e-07,0.3333321860210563,0.33333059441700635,9.050401116919103e-07,7.380424771841714e-07
abdication,2,1.1740240175178378e-05,3.5071812383465515e-05,7.904270356444269e-06,0.00032639741928045993,1.8461250710855022e-05,1.0102652406689152e-05,0.9995719896770671,1.833267761985126e-05
abide,3,2.913903517721717e-07,0.9999964685653463,3.7814143531071094e-07,5.083871134691641e-07,7.72515511849674e-07,3.0102505459363314e-07,7.014275761260098e-07,5.785476106746295e-07
ability,4,0.11097803913457947,4.258748832611392e-06,0.11111527079876941,0.3333370405316469,0.33333839638030227,0.111219193363949,4.834524968904778e-06,2.9665169515415074e-06
able,5,4.953139454817178e-05,5.868247676734228e-05,0.20006313840169634,0.04355445216595988,0.15614175725167337,0.2000342822404068,0.2000491677953212,0.20004898827362688
abortion,6,3.83248116650843e-07,5.754641465099956e-07,4.285562000525001e-07,4.3428845453355766e-07,0.9999961492827846,4.820444820156545e-07,5.85202391579794e-07,9.619134239496607e-07
abroad,7,0.22436879869230597,0.004238069954913558,0.19592024144897258,0.00020013111603211023,0.17456923524758416,0.000960905852752927,0.0003322667366346135,0.3994103509508041
absentee,8,7.754602665243396e-05,0.00012260097477833368,9.558354269523202e-05,0.00011649922932266582,0.9704687252673181,0.00018451366149309405,0.028706694655003417,0.00022783664273660304
absolutely,9,2.323412122873758e-06,5.346733010744992e-06,3.34989276144744e-06,0.499967447914181,2.034790263352566e-05,0.499994032190516,2.5479649657564384e-06,4.603989808479171e-06
abuse,10,3.1133849578819505e-07,2.955412510050397e-07,2.9309372070268533e-07,2.4224996697854405e-07,4.819517810622436e-07,3.1217044485336647e-07,3.6487124453369997e-07,0.9999976987830951
accelerate,11,6.34611310555565e-07,4.854648493046349e-07,7.172968782823077e-07,1.135010178890332e-06,0.9999945510496482,1.31512905410784e-06,8.090022212366642e-07,3.5243585952208004e-07
accept,12,3.7414766213684452e-06,1.0074483855200429e-05,4.525967865417034e-05,5.222493974750744e-06,6.750347982291127e-06,5.176430202393563e-06,0.9999167979788665,6.977109843224441e-06
access,13,0.2500000618440661,7.456179840594132e-07,0.08333427905616764,0.0833343429776245,0.08333407300331615,0.2500177852104169,0.1666449105725056,0.083333801717919
accessible,14,1.3756707391189323e-05,0.00036453529587931934,1.3973573361086963e-05,1.3909686798514402e-05,0.6666768202682474,1.808019642625276e-05,0.33288714715449047,1.177711740569748e-05
accomplish,15,5.183061608184913e-07,0.9999952379000905,7.231525921569356e-07,8.556387951741492e-07,1.04231767184665e-06,4.1922817299739026e-07,6.99738194454392e-07,5.037183220345482e-07
account,16,4.484800061580784e-07,6.780780760658685e-07,5.423280621953506e-07,0.49999787372525395,6.61824628349389e-07,0.4999982227923729,8.79750541829892e-07,6.930210585777956e-07
accounting,17,4.340066199393017e-07,3.3169651572132584e-07,6.09325692291832e-07,1.0107832794473576e-06,7.030673606667767e-07,2.989928165872606e-06,0.9999932750365966,6.461557694068485e-07
accurate,18,4.711808323298632e-07,6.392805646258027e-07,5.679042199090195e-07,5.976803393700299e-07,0.999996278740491,4.64518463246805e-07,5.772358819193691e-07,4.034592074878486e-07
achieve,19,3.426500685853686e-05,0.19362450206382356,0.18189459141698316,0.3611277879734525,0.08031534650981237,0.09344963180027488,0.08951157770185852,4.2297526936499654e-05
achievement,20,3.842843481905589e-06,0.2500050375942384,0.49921581405962384,8.687542821627555e-06,5.2526248799056125e-06,7.569852463331998e-06,0.2507458868909663,7.908591524685966e-06
acid,21,6.648536226469093e-07,5.552299235053759e-07,0.9999959817949806,7.034047256061227e-07,4.509571776759128e-07,6.112914059364819e-07,4.794033865612952e-07,5.530647774654662e-07
acknowledge,22,2.52505649264693e-07,0.9999968570113227,3.82083022465581e-07,4.2352465785262175e-07,6.105885599925194e-07,2.0663394768654735e-07,7.722885509930014e-07,4.953642891756432e-07
acre,23,4.065033575008072e-07,5.46530268578595e-07,5.419911432640192e-07,0.9999957637255745,4.0998279919986845e-07,9.856791072393523e-07,6.805724164097438e-07,6.650153331875221e-07
across,24,0.16673186477870808,7.441528185868685e-05,4.9994136300747926e-05,7.608428617465461e-05,0.5647374172595566,0.16673565238298957,8.860288261213675e-05,0.10150596899179948
act,25,1.9712877685066097e-06,0.33333231091911114,0.08333443223769721,2.863459177220333e-06,0.16676241332966135,0.08322774856961339,2.9826902895618256e-06,0.33333527750668157
action,26,0.14285731827168574,0.285713642811335,3.361338083922216e-07,6.389101065039395e-07,0.4285701735911806,3.664601512581653e-07,0.1428570319519052,4.918698273951973e-07
active,27,0.6666835004469133,1.5149958211790457e-05,0.0011947216467411376,2.0647831587886826e-05,1.9576327526133487e-05,1.431848473471316e-05,3.120387149383005e-05,0.33202088143279135
actively,28,0.3811670106806061,0.000345283872731396,0.00025879399690422443,0.6163779694799056,0.000511915187021116,0.0002548301768124324,0.0007415589745680088,0.0003426376314513693
activity,29,1.014561877312562e-06,9.639416692627857e-07,1.993952248768956e-06,1.824019338656836e-06,1.6243381739713979e-06,1.259811913127713e-06,0.9999902281123879,1.0912623908783895e-06
actually,30,0.3333326686798772,7.271916756983999e-07,4.668172408033669e-07,4.251853839892866e-07,0.3333321687691971,2.6754405999867194e-07,2.681000811367755e-07,0.33333300771248425
add,31,0.4999994822009985,1.247582826872701e-06,1.914169883491722e-06,0.24998775627784703,1.7173996324236111e-06,2.2061959724885342e-06,6.551239552807453e-06,0.24999912493328644
addition,32,1.8119857672188225e-05,0.0009965125549158459,2.218249353385561e-05,0.33335595615374136,1.888091040549462e-05,0.3333588395656557,0.33221243820069396,1.7070263381622346e-05
additional,33,7.893530119934803e-07,5.935567413153811e-07,7.273097680584627e-07,9.840308822011047e-07,8.386788081083008e-07,0.33333320280502293,0.3333309987947885,0.3333318654709769
address,34,0.16667669701847299,0.33333400380455064,0.08334477576186981,1.5038525845080867e-05,0.08334928658207781,0.16240784307850595,0.17085883859167764,1.3516637000133406e-05
adequate,35,0.00013711529703255073,5.0668625058279615e-06,9.945485959624377e-06,9.770725422530522e-06,0.9998102682826494,1.1231469803683096e-05,1.0171037472035508e-05,6.430839154486487e-06
adherence,36,4.5142019258672613e-07,8.244461702150302e-07,5.629796312267917e-07,0.9999944047496367,1.0511213994617403e-06,4.83948638045602e-07,1.6750809105699889e-06,5.462534211675038e-07
adjustment,37,4.1581117124024875e-07,3.4450873055395426e-07,0.9999959215335644,5.962572302138175e-07,5.493377329509231e-07,1.0829057848934815e-06,6.535667697375503e-07,4.360790159127221e-07
administration,38,0.2662936238900819,0.2110080199458513,0.022241014200905528,0.13567735203889106,0.1333768461523379,0.061933724148191045,0.10495635134668473,0.06451306827705648
administrative,39,4.6425991594214936e-07,3.624439393529107e-07,2.8955967173465574e-07,5.273864600897501e-07,6.809427699428603e-07,0.9999959531936621,1.2802703422441365e-06,4.419432386444839e-07
admire,40,2.3124850685999712e-07,0.999997208687838,5.054603783503182e-07,4.922439997596467e-07,4.2979656761159123e-07,1.5280457172914598e-07,4.3042725310992324e-07,5.493308847256822e-07
adopt,41,0.9689710303147154,0.00015517501367681108,0.00015334150572143227,0.0001598030362309211,0.030077037091175658,0.00013846891144693042,0.0002105575457403056,0.00013458658129251474
adoption,42,3.912961924646632e-07,6.461772194551969e-07,5.695504001799209e-07,7.159038744022282e-07,0.9999949017879767,8.548143147076792e-07,1.2634818641706277e-06,6.569881578018046e-07
adult,43,4.692797498238018e-07,4.6380981394559696e-07,8.303256846180307e-07,5.099227304802924e-07,5.091519340809729e-07,0.3333313328713679,6.638856327752924e-07,0.6666652207530864
advance,44,0.1428184415370017,0.42843955718186694,4.005529571678948e-06,3.9277318937227774e-05,0.14286658070344882,0.142964159295786,0.14286438692819928,3.591505188353604e-06
advanced,45,6.445621615123708e-07,5.00793617078784e-07,0.9999958838322911,6.076901819978374e-07,6.015412571153628e-07,5.888846974307284e-07,8.348021584540498e-07,3.378936352441253e-07
advantage,46,6.940337730826351e-07,0.49999696008653133,8.965444169831378e-07,1.0022218607088419e-06,9.715172984516882e-07,0.4999978613525845,9.338128799908745e-07,6.804306550228593e-07
adversary,47,0.0024139742457519884,0.9974309829304622,1.5110415813434928e-05,2.1764979018541323e-05,4.808511382753142e-05,9.872146804911802e-06,3.545233361390271e-05,2.4757834707369166e-05
advice,48,6.942376319539555e-07,0.9999919583596675,1.4896503029220123e-06,9.68841879207664e-07,1.2844252927806747e-06,1.01356305099409e-06,1.3630067555287973e-06,1.2279154192602802e-06
affair,49,0.0009199080688596026,8.797222163818727e-05,3.291950479773553e-05,0.4990557751922876,4.287242818571276e-05,2.381145663404366e-05,0.4997701730776429,6.65680499543599e-05
affiliate,50,0.0006541848385268784,0.999142025810424,2.1686448386145083e-05,3.2030728311032085e-05,2.5758024227844838e-05,4.32572387504016e-05,5.269995935605801e-05,2.835695201752031e-05
affirm,51,4.612104013292658e-06,2.230469331377523e-05,0.9997631826437753,1.1032135747952432e-05,1.3714398003176221e-05,4.225380109670272e-06,2.0064732829180693e-05,0.00016086391220767476
affirmative,52,5.409028853936874e-07,0.9999929342272027,7.38093630829207e-07,8.959583498201668e-07,1.43831420362177e-06,7.444126856037405e-07,1.5014414275557196e-06,1.2066496142907667e-06
afflict,53,0.00030148709831799575,0.5454030497358576,0.00036875750491965057,0.0003061930408588968,0.0003435812341253087,0.00022789789956294233,0.00031180076654513926,0.4527372327198124
afford,54,6.369102220406795e-07,0.16665787336964955,0.16666856108973296,1.0146402775085076e-06,8.896042072826853e-07,0.16666810554653178,7.34706019331731e-07,0.5000021841333595
affordable,55,0.17858187547718893,0.002943712719755811,0.4542109191950158,0.09094781624642258,2.3464874621125887e-05,0.2728218327201849,0.0004322353425201696,3.814342429072408e-05
afghan,56,5.321307079624076e-07,8.307336269474866e-07,2.47594034384178e-07,4.731540227055347e-07,0.9999965306339883,2.8933013010724073e-07,7.086691600513699e-07,3.8775432926025304e-07
afghanistan,57,0.28571472773568335,1.3167071034922757e-06,2.286133451851145e-07,0.14285685764781542,0.42857045653898757,3.2025582091185597e-07,0.1428556377272088,4.54774035290573e-07
africa,58,6.924092345291574e-07,0.2857145087609661,5.25598250663997e-07,0.7142794591293529,8.457567520900633e-07,1.7061364871654926e-06,1.474383741468281e-06,7.878252151177577e-07
african,59,0.9999924850258565,1.2008396757464288e-06,1.2118780225352197e-06,1.1214194360479734e-06,7.850119636323616e-07,6.840961695517995e-07,1.5741108259611275e-06,9.376180500325555e-07
africanamerican,60,0.0002151867087508609,0.00030108024449758896,0.5709853588009595,0.0003839268027787241,0.00026221196756213896,0.00034638663604300067,0.4269908949393609,0.0005149539000472959
africas,61,2.1774376402569282e-06,3.416074993008864e-06,2.424509089308107e-06,1.7684189697968416e-05,2.5543898700917493e-06,0.9999667002400234,3.0323734041331045e-06,2.0107852817742853e-06
aftermath,62,5.84715921570822e-07,1.5529391436994927e-06,2.428192578209505e-07,5.104501006022606e-07,0.9999955805805096,3.171159594196015e-07,7.457244171180731e-07,4.656546900896502e-07
afterschool,63,5.611387064214743e-07,7.462225482232399e-07,1.6127269699219523e-06,9.555419732985932e-07,7.579940248130183e-07,0.9999927148159758,1.196634157700639e-06,1.4549256435618359e-06
age,64,8.483945085391589e-06,1.2931407380064079e-05,0.000637501896504694,0.39930036361810123,8.05535835202658e-06,0.6000046038154659,1.207709881175611e-05,1.5982860298915572e-05
agency,65,4.4545325062197634e-07,3.6260822748664633e-07,3.905378978140124e-07,7.409539304025226e-07,0.9999957121690468,9.106041227760219e-07,9.795509025201357e-07,4.581226213747536e-07
agenda,66,0.4989484157220608,0.0008983198388566588,1.147669041194933e-05,2.8366913072716196e-05,0.5000259141307957,1.7091567156817875e-05,5.324319440832577e-05,1.7171943237057483e-05
agent,67,0.9999979990250236,2.7988188408522337e-07,1.943807957648526e-07,2.867689648448481e-07,3.489313781563365e-07,2.698580527934253e-07,2.9557897558770957e-07,3.2557492531093854e-07
aggressive,68,0.9999976485705439,3.652762064288921e-07,2.423991343720154e-07,3.8457587619790876e-07,4.6894675142324706e-07,2.2425768238438718e-07,3.610845692727018e-07,3.048892359843848e-07
aggressively,69,0.4999983266944764,5.512643367919371e-07,3.9274462067916905e-07,6.091224336461094e-07,7.340205273816155e-07,4.3057797692679576e-07,5.595483648438593e-07,0.4999983960272632
ago,70,5.753341882868436e-07,0.7499975012987485,6.633355792161553e-07,7.354506241166934e-07,0.24999849098852628,5.874310036887009e-07,5.497975265486712e-07,8.963638032890793e-07
agree,71,2.8854975538778866e-07,0.4999990292337226,4.4928022013107953e-07,5.110456354726276e-07,0.49999814860430675,2.998866168305696e-07,6.716505778506217e-07,6.01749165055188e-07
agreement,72,1.810645437571194e-06,0.230771858170918,1.5736014271745558e-06,0.38448860823061065,0.15384731686782502,3.736423373007938e-06,5.327616202000949e-06,0.23087976844420657
agriculture,73,6.094964775190156e-05,0.010204070695736261,9.652757748968561e-05,0.0001827829275390753,7.41765583514217e-05,0.9891141518393701,0.00017869096863149208,8.864978513005559e-05
ahead,74,0.00026290560059808067,0.000396754546820955,0.00022216533697297242,0.21068635421368576,0.0002686859850279382,0.00021703503361479777,0.2877117766656686,0.5002343226176108
aid,75,0.16672108965498292,6.462918212131759e-05,0.5000493641398999,6.571726671605656e-05,8.768743126573557e-05,0.041412196878325425,0.12487765994955007,0.16672165549713855
air,76,0.48583120943161834,5.920538766903492e-05,0.5078793614629652,6.276415462696708e-05,0.00012950086310524998,4.53980086084561e-05,5.7273233851478674e-05,0.005935287457555123
aircraft,77,1.2067473205596958e-06,0.9999941295222284,4.464322189512169e-07,9.371899923615635e-07,9.527328858706128e-07,9.66654271866919e-07,7.960470514697533e-07,5.64674030388119e-07
airport,78,0.49999960554170453,4.2520527853281634e-07,2.868822398558416e-07,5.076802155297333e-07,0.4999973365353034,6.825821033746792e-07,7.201496078833272e-07,4.354235468105346e-07
al,79,0.6000114111000037,0.39998133183057394,7.51693247335062e-07,1.2467960767819283e-06,1.4854802881222443e-06,7.932637630211429e-07,1.67309606882825e-06,1.3067399783695138e-06
alaska,80,6.207388837915884e-07,6.699286322597788e-07,4.021454859776975e-07,0.9999959008961032,5.735936134360005e-07,6.082191946058105e-07,7.000491276285509e-07,5.244289588961389e-07
alert,81,0.9999985940004384,2.2540797083495248e-07,1.369005470949406e-07,1.725596663978741e-07,3.7349349386872187e-07,1.4290322847080068e-07,2.2230877873326202e-07,1.3242587592116415e-07
alive,82,3.426669608085403e-07,8.077624013847885e-07,4.775237394965423e-07,3.8977447009740444e-07,4.512079185644805e-07,1.7397906297314145e-07,3.154504417488759e-07,0.9999970416350049
allegedly,83,1.2111607059627147e-05,0.9997143726614555,7.712889989401349e-06,1.031943455906894e-05,2.1001155770805862e-05,0.00020030063638460375,1.2089173548352552e-05,2.2092441232522756e-05
alliance,84,4.082182473144775e-05,0.23402359326353764,0.11642169968705526,0.3278709312843621,5.360996304105346e-05,3.0133756365173724e-05,0.3215235116630408,3.56985578664686e-05
allow,85,0.23532576468336816,0.11766602160277398,0.047707825670073964,0.017913662550474975,0.2941964944356655,0.09965381366058552,0.011028572822208156,0.1765078445748498
allows,86,5.888953054402058e-07,5.925711313445948e-07,8.608131645291423e-07,8.755359046695684e-07,1.3099431178321698e-06,8.879780879747317e-07,8.406401391178146e-07,0.999994043623149
ally,87,0.3322874935938481,0.2401867593624842,0.0833486567755549,0.010722775281035388,0.08337017532245028,1.0080986247066867e-05,0.2500464407132477,2.7617965132424355e-05
almost,88,4.593472236948529e-07,0.333332207359114,4.437958582314316e-07,4.927968387439853e-07,6.410721671833239e-07,4.1777161651368583e-07,4.3187233204265494e-07,0.6666649059848496
alone,89,0.12496721214936699,0.500001974322045,0.1250025029158309,0.12500028985599057,2.8241491812779293e-05,2.049654334723104e-06,1.878681212838532e-05,0.12497894279849067
along,90,9.180672903954584e-07,0.4999985880366346,5.596254231334151e-07,9.183591745353117e-07,8.130882404908771e-07,5.881423300158777e-07,0.49999673427010716,8.804107996658886e-07
already,91,0.0779133378916443,0.00011382342786204255,0.00029118313073788594,0.3998053402923071,9.492946610323308e-05,5.154634029757797e-05,0.20002278113446156,0.3217070583165863
also,92,0.1714523198948132,0.13670779073190878,0.11456678746461117,0.14382392925896748,0.14194412509679402,0.17752476129486155,0.02824002182518971,0.08574026443285405
alternative,93,8.269808423609786e-06,0.500005978273261,0.49953400891605465,1.5053737577397114e-05,8.94373600515968e-06,1.668517401991942e-05,1.637090596893027e-05,0.00039468944868937714
always,94,0.14285969619136557,0.14255798152732027,0.4285761993661481,0.14286051144869688,6.0504281470566354e-06,1.921949653765316e-06,3.765100636976294e-06,0.14313387398803137
alzheimers,95,0.9999973355188054,2.8198594481655893e-07,5.344735815777685e-07,2.928968804153482e-07,2.5962255525075605e-07,3.912082400746264e-07,3.523519245268268e-07,5.519420677603098e-07
amazing,96,7.471745813069543e-06,0.4996180363469248,1.1358475494142741e-05,0.5000083801880737,0.00033173089339462127,5.166190893222326e-06,7.0255821520605524e-06,1.0830577254376948e-05
ambassador,97,1.0359331039719815e-06,2.0024581964853425e-06,7.165283784423655e-07,2.8731749480195275e-06,1.2093363328050573e-06,6.843573284622083e-07,0.999990318270452,1.1599412597237822e-06
amendment,98,6.855657027723268e-07,1.2534510370428644e-06,5.610477476207587e-07,9.496725424076825e-07,1.1905334598565542e-06,1.6739094816330792e-06,1.7628230006550573e-06,0.9999919229970281
america,99,0.06967548866282126,0.1926526358436126,0.14161571988558672,0.1589927273208113,0.1161283150125484,0.03529902075708711,0.10205509928757488,0.18358099322995783
americaa,100,5.304788040085888e-07,8.207592065660217e-07,4.572508240193304e-07,0.9999958909215473,5.870910606963846e-07,4.901447657422478e-07,7.382658363490314e-07,4.85087955372426e-07
american,101,0.10059759880726356,0.13213474632396824,0.1346496590943176,0.16582967426494236,0.10064244212776714,0.15096030620774353,0.1045678785098623,0.11061769466413525
americans,102,2.5047313143743624e-05,0.06256957558037685,0.0963527913159607,0.27846230747686807,4.055186740878174e-05,0.19014726112126834,0.1250496449385434,0.24735282038643014
americas,103,0.10394399066711124,0.05337315417540483,0.17754864514369992,0.21057873435659924,0.05193422827986679,0.15794256511010943,0.21188340463558772,0.03279527763162082
americorps,104,3.246862336038158e-07,3.652992377920211e-07,6.345680007221173e-07,5.638716994317185e-07,5.78052561556889e-07,7.429651165524437e-07,1.0026430675987312e-06,0.9999957879140827
among,105,2.8540612527129723e-05,5.6918951641012e-05,3.227443619515498e-05,0.008333015471264353,4.1883331357612666e-05,0.33335904134485617,0.32514895580123504,0.33299937005092356
analysis,106,6.434116731688497e-07,4.7608683733682857e-07,4.345463889507077e-07,8.192333074776666e-07,0.9999954499622139,6.841357117813427e-07,1.1045723422297054e-06,3.880515251187541e-07
analyst,107,6.403171609781399e-07,5.458923101327589e-07,5.048232208065822e-07,7.491554138955427e-07,0.9999952867327268,7.658270975576207e-07,9.523835986901867e-07,5.548684711450819e-07
analyze,108,4.068021634804664e-07,4.40640843947072e-07,5.181399806820583e-07,7.086194363853211e-07,0.9999963663540189,5.521370253234148e-07,7.060748022961175e-07,3.0123172891607585e-07
angler,109,5.71737470819502e-07,6.377828848081723e-07,5.989193906799668e-07,0.9999961149057616,4.442143037853322e-07,5.39818070329072e-07,4.687191525790485e-07,6.239029653037021e-07
annan,110,5.754921332866443e-07,0.9999956086112605,3.6808145725442116e-07,6.494084229510307e-07,7.777316645882603e-07,4.1898249038006235e-07,9.378905432435325e-07,6.638020276640117e-07
anniversary,111,3.0418951935956784e-07,0.9999971619645025,3.2833194553100436e-07,4.6338271187755175e-07,3.9645339761310555e-07,3.2326870090998486e-07,5.848904721997601e-07,4.3751874984782765e-07
another,112,0.00032830746615184186,0.0005555215750971334,0.44737212394880604,0.00032878563226360763,0.0003686100888164136,0.0002538961805577349,0.00029478357889418954,0.5504979715294129
answer,113,0.3333325640541457,0.33333336146043285,6.839164916571144e-07,5.306299356955409e-07,9.165362263249958e-07,4.0169740616417147e-07,0.3333306717005526,8.700048090515661e-07
antimissile,114,1.2625780276074056e-06,0.9999930771571596,5.013341268661962e-07,1.0852822661009696e-06,1.499599719363706e-06,9.531962537190378e-07,1.1258041338832753e-06,4.950483128194668e-07
anywhere,115,4.435667752310258e-06,6.5534264293394415e-06,0.999906794463495,6.458778628144407e-05,5.896544787121351e-06,3.090523881717559e-06,3.089033410135699e-06,5.552553962906346e-06
apart,116,8.065445609659462e-06,0.5000100789023646,8.68239988375243e-06,8.487843070063575e-06,8.249531638165547e-06,7.728823459975761e-06,0.00025800677075201145,0.4996907002832217
apparatus,117,7.371862500007842e-07,5.536324828086541e-07,3.233852604456351e-07,6.70323224438023e-07,0.9999961536073783,5.232469877231739e-07,6.970796303903933e-07,3.4153878600977843e-07
appeal,118,3.807651925168478e-07,1.1163852765771752e-06,4.495410624315749e-07,6.147327851455131e-07,8.877061514158938e-07,5.142380659716982e-07,0.999995160452945,8.761785210197113e-07
appear,119,5.352865712407087e-07,0.9999966049400079,4.312749190889377e-07,4.7683388236142024e-07,6.058406038420087e-07,2.9032650422921167e-07,4.4531185433495e-07,6.101856570433396e-07
apply,120,3.686804886537845e-07,4.1604501279624404e-07,0.9999956322950982,6.091839261406798e-07,8.512904684131874e-07,7.797390883072959e-07,8.048293623833206e-07,5.379365548619721e-07
appoint,121,0.46401624257336915,0.5001385633569004,9.502638588545e-05,0.00011917684300697264,0.0001565877128857367,0.035153962114619804,0.00019258656954964138,0.0001278544437828239
appointment,122,5.338010800450809e-07,9.087200339400679e-07,4.7437709538603483e-07,6.844277812592021e-07,0.9999946366541321,6.39671716233457e-07,1.381105134333025e-06,7.412430267888155e-07
approach,123,0.11111135052143682,0.22222145881559754,0.22222221280513732,0.22222206704852718,0.11111142420368424,0.11110969132312197,1.3010934492419367e-06,4.941890457206619e-07
appropriate,124,5.87452795483474e-07,4.895623667569909e-07,8.312710032770937e-07,8.252987337303033e-07,0.3333331395745985,7.116545430515639e-07,0.6666628910697722,5.241161870369923e-07
appropriately,125,1.1253525226345473e-06,1.0833945608956675e-06,1.5467928117539964e-06,1.3366515560626674e-06,1.780096025379956e-06,1.1069606811112744e-06,0.9999908322238897,1.188527952400945e-06
aq,126,2.413868796930598e-05,3.121972398041324e-05,2.0623414804128246e-05,0.998972968509779,0.0008653049918617725,2.701021201713581e-05,3.558908271078003e-05,2.314537687750059e-05
arab,127,3.7185757607042025e-07,9.137276361583129e-07,2.2063663439514065e-07,5.579392566401194e-07,5.856563414000788e-07,2.968382899999233e-07,0.9999966658979617,3.8744630351862724e-07
arabia,128,7.910897715482463e-07,1.3471317252175312e-06,3.5870063668201466e-07,1.0297238330118375e-06,0.9999938158778503,6.818726317339625e-07,1.2819272455709491e-06,6.93676305802138e-07
arbitrary,129,8.720078353503748e-07,1.2123888780294824e-06,0.9999917455176035,9.376570738628393e-07,2.051621501558936e-06,7.073913134009223e-07,1.462945128667295e-06,1.0104706657255213e-06
area,130,1.4901145904986645e-05,1.0640735144834745e-05,0.0006251834319591788,0.33263445412267917,0.33333416645083674,2.0153203965534646e-05,0.33334657577306603,1.3925136443408499e-05
arm,131,0.44448869080215314,0.11115664892786464,0.11348824394288948,0.008905598166464851,0.11103959235617318,0.10210362317259611,0.00013922840079414028,0.1086783742310645
armistice,132,3.848872116790985e-07,0.9999978428218428,1.317374625026269e-07,3.3226645911498834e-07,4.382093005863582e-07,1.7971745287080534e-07,4.533406467359516e-07,2.3701962382568374e-07
armor,133,8.405342782410679e-07,9.416865561741596e-07,0.9999950235076357,6.951495075653575e-07,8.223325306419352e-07,5.231573306866256e-07,5.81900587968223e-07,5.717315731133212e-07
armored,134,0.000549270091777195,0.8199061274940229,0.00017961314215430576,0.0003512211480778212,0.0004602073092358021,0.00024080375473578848,0.17806249771466937,0.0002502593453269144
army,135,1.04155368683278e-06,1.1564258175938904e-06,2.6405130576474773e-07,4.838634745069608e-07,0.9999954474470694,2.8420027233462857e-07,8.435022808892186e-07,4.789560925868752e-07
armys,136,0.9999982591865186,4.6205966347872036e-07,1.0480396832292928e-07,2.1349055127231535e-07,3.625672027801858e-07,1.1368864174071618e-07,2.7879421207346486e-07,2.0540924165297554e-07
around,137,0.08814001750554813,0.11769039045282828,0.05094394551786831,0.18430162515022397,0.17650792482852679,0.11769123264445445,0.2646824353366823,4.242856386782045e-05
array,138,5.224287195693239e-07,5.463569952032396e-07,5.450163024484143e-07,0.9999957497709808,6.853885028067623e-07,7.591379887643939e-07,7.569112678093572e-07,4.3498924245542813e-07
arrive,139,6.762149076016373e-05,9.913876203414478e-05,4.517525224510857e-05,0.4951359805409624,0.5000820705690767,2.963722706016026e-05,0.004489699462073155,5.067669578804621e-05
arsenal,140,5.030675950182807e-06,2.9100882223654457e-05,2.8863479557406907e-06,4.459922444385377e-06,4.550358757038175e-06,4.169173145908496e-06,0.9999452484903661,4.5541491569253566e-06
arsenic,141,0.9999978039049535,2.721929062407547e-07,3.0029245010929863e-07,3.191827193756307e-07,2.418437685631584e-07,3.962749625387951e-07,2.3476804937158784e-07,4.315401901560575e-07
ashcroft,142,0.00025477935822304493,0.0004019900814264603,0.00014958826570970424,0.0002746655863686553,0.0002920983769469444,0.00022946288145177495,0.8605103369312823,0.1378870785185911
asia,143,4.143761812083792e-07,8.645845582405527e-07,3.272585563088874e-07,0.9999959561927738,4.822512541202268e-07,4.591488574280829e-07,1.0277095535812947e-06,4.684782652396318e-07
asian,144,0.9999964126846832,5.352994573452267e-07,3.600566422741283e-07,5.900625292466169e-07,3.7111525640414764e-07,5.047723259476462e-07,7.352200291913715e-07,4.907890763484546e-07
ask,145,0.333332363861381,0.33333224659929556,6.12337075382073e-07,4.3197077842707823e-07,6.839267797084132e-07,3.4322163899309704e-07,4.292520179331802e-07,0.33333288883103307
assault,146,0.3332756439261586,5.093583802979625e-05,8.502034518416153e-07,1.3494317435900057e-06,3.354532941935283e-06,1.0555215746643625e-06,2.0280891184570003e-06,0.6666647824569811
assemble,147,5.215675470045591e-07,0.9999957477748846,6.16176983477994e-07,7.149152469786942e-07,8.543000299288646e-07,5.353282681937229e-07,6.176829702206412e-07,3.922540695264771e-07
assessment,148,4.829327509185837e-07,3.5347766231168436e-07,5.393223782415415e-07,7.090913021902157e-07,8.078750216745312e-07,7.918047967737709e-07,0.9999959636213505,3.518747374275257e-07
asset,149,0.9999906958872273,4.874920677814342e-07,7.542715001900191e-07,1.3784680027200072e-06,9.71200283373632e-07,2.8620035237896258e-06,1.6265691546827324e-06,1.224108240072384e-06
assign,150,0.9999964011384443,5.050487959291532e-07,4.3346590227228026e-07,5.061627374758546e-07,6.738995308168285e-07,4.4552992728939176e-07,6.265333286484283e-07,4.0822133326789646e-07
assignment,151,0.9999979610107754,3.799564957659538e-07,1.9308787198260104e-07,2.7978673520144625e-07,3.6326134535509203e-07,2.1157694230371697e-07,3.4044065510751383e-07,2.7087917884043174e-07
assist,152,8.240974161574302e-07,0.2499983572634444,8.603651304268754e-07,9.471690089127104e-07,0.25000025985269764,9.084397033653994e-07,0.49999720656471935,6.36247879681981e-07
assistance,153,0.33334092832797885,9.119288196303655e-06,0.333339047241199,0.16519752500005289,0.1666829567400854,1.5919923219029126e-05,0.0014025722615657996,1.1931217702714395e-05
assume,154,4.877060174538335e-07,1.0821079624178094e-06,6.525798464842676e-07,6.8986527536919e-07,1.015901292936955e-06,4.2067563850764843e-07,9.727194823559183e-07,0.9999946784444845
asymmetrical,155,0.9999977021188432,3.8143071240687e-07,2.484811074249737e-07,3.8324209312732817e-07,3.3220710782260083e-07,3.5071723775557185e-07,3.480906298051326e-07,2.537122684790805e-07
atlantic,156,0.9999920361094343,1.0726833092922349e-06,5.439464386308265e-07,1.1945068840894627e-06,7.777670929877513e-07,6.652485894542098e-07,3.045929198095906e-06,6.638090530621215e-07
attack,157,0.3747168200984717,0.18750731809224733,0.06250112500357918,0.06250290247666031,0.25002134315595914,0.00026392329988918163,0.0624834611192781,3.106753915165232e-06
attain,158,0.968517159649152,0.0001866031519105724,0.00018430191201443521,0.00018031209246418216,0.00017819812071607816,0.00010283719421988902,0.030526025802122526,0.00012456207740032608
attend,159,1.8829764693202264e-06,3.223196653381674e-06,0.9999180729912354,2.04645433149004e-06,2.520452454223012e-06,3.0801835918764166e-06,6.407349214409723e-05,5.100253120288571e-06
attention,160,6.605928220394237e-05,0.00010631172638502874,9.949814182681894e-05,0.00010111343945967113,0.034431259022348316,7.626808093855333e-05,0.5001302875584643,0.46498920274837335
attorney,161,0.00022351061027942254,0.00025844469854262943,0.00016686011290174043,0.00022427284618655257,0.00034068094380990696,0.00031236199444088086,0.6354729430041657,0.36300092578967325
attract,162,2.200572104622132e-07,2.6157968801045426e-07,0.9999972294477233,5.1046055559513e-07,3.7912043227604915e-07,6.190256363303971e-07,4.424549555939121e-07,3.3785379839437953e-07
auditable,163,4.2760431261453687e-07,3.248454999645827e-07,4.415574806787487e-07,5.72932496862857e-07,0.9999959355931458,1.270439656426098e-06,6.328467023372323e-07,3.941807052734239e-07
authority,164,0.33335830665498517,0.33326635869719584,1.8166618418944185e-05,0.0048832785214685094,0.3282726398810859,3.61221918843776e-05,0.00013859408754992423,2.6533347411204e-05
auto,165,3.7038040333899046e-06,2.5615217877689055e-06,3.039655790685953e-06,1.8773617918981334e-05,3.150675065742174e-06,5.447003371420439e-06,2.9708185421858824e-06,0.9999603529034898
available,166,0.49673349394525146,0.003098798929975489,2.6081213364706064e-05,2.6870767338251217e-05,2.4770412825033688e-05,0.2500421423570943,0.2500245063444323,2.3336029718423806e-05
average,167,4.291243944508605e-07,3.247421238020787e-07,5.509270766605959e-07,5.234250131296896e-07,4.3213995892040893e-07,7.685492268672703e-07,4.3103812703967816e-07,0.9999965400540791
aviation,168,0.999998068066844,2.1203800703216296e-07,1.6893942392051168e-07,3.2317560838558143e-07,2.7403644322855945e-07,4.027938476015214e-07,3.407166711922677e-07,2.1023315451350288e-07
avoid,169,9.197022043740545e-07,7.874972964685558e-07,7.718177927206593e-07,8.19569837698318e-07,1.1716213187882014e-06,0.9999941534924566,6.577478368800152e-07,7.185512563354593e-07
away,170,0.333333300651656,0.33333240516099116,7.338380575727556e-07,6.268868487782146e-07,0.16666632441246837,6.090169145794766e-07,0.16666502933684255,9.706962210303333e-07
back,171,0.1818473893271964,0.18186594262896014,0.09099955156370697,0.0028698626119647674,0.09093639686410776,0.18183936034581727,0.17869247555384124,0.0909490211044054
backdoor,172,0.999997680723791,3.9479970600971225e-07,2.009647499083284e-07,3.3770032071079157e-07,4.5699507381269433e-07,3.369976491637103e-07,2.254460408558787e-07,3.6637266843626544e-07
background,173,0.00014683633844914869,0.00020988052218023315,0.0001344853724090915,0.00019908245723786004,0.8049824758854227,0.00010972242975220664,0.00020881356485072833,0.1940087034296981
backlog,174,0.9999862462109452,3.038095833443766e-06,1.4102966253036836e-06,1.519818358478052e-06,1.5951986814990174e-06,3.4511979315024806e-06,1.2493013827359073e-06,1.4898802420107832e-06
backup,175,3.8771599522158514e-06,1.3196856736312538e-05,3.1652341173078026e-06,2.8421809597018372e-06,0.9999681317181356,3.42084593707553e-06,2.4283064070752404e-06,2.937697754683676e-06
bad,176,8.213501765822549e-07,0.4999978104616037,9.782799036747749e-07,8.964845178972296e-07,9.248601979956815e-07,0.4999967385205006,6.016621440421577e-07,1.2283809554345665e-06
badly,177,8.848761176036398e-07,0.4999977564846333,6.472381029790243e-07,5.635943769296652e-07,0.4999984878134401,4.839495700945681e-07,4.114270355713035e-07,7.646167233241456e-07
baghdad,178,6.724229919716632e-07,0.999995831149779,2.936884987088609e-07,5.75788136064844e-07,8.420620395061683e-07,3.6899161387237924e-07,8.324803681345622e-07,5.834165725682959e-07
balance,179,3.1732912229046744e-05,4.854316066196055e-05,0.02544378892280826,0.09939100720607502,5.096789683282063e-05,0.6274922808203642,0.12506172651623979,0.12247995256478894
ballistic,180,1.6045999182807615e-06,1.9132297680430896e-06,6.311595749961689e-07,1.277523744343249e-06,1.6495898303673792e-06,0.9999910359219326,1.116783092480749e-06,7.711921388388197e-07
ballot,181,0.00010253303483022833,0.000140427989501519,9.408312939379597e-05,0.00012778576816316393,0.9458506339261133,0.00019815899273192616,0.05328844707242606,0.00019793008683983767
ban,182,4.0027241525458046e-07,5.926431405555988e-07,2.57970004755309e-07,4.381544388150249e-07,6.187890705770389e-07,5.253872032757084e-07,5.038422764180528e-07,0.9999966629414502
bank,183,7.439065776919026e-05,8.15367453996467e-05,0.0008774678998926445,0.0017256994065403997,0.001318482975605611,0.49887913412056173,0.4969194251286655,0.0001238630655653139
bankrupt,184,2.9921731972897166e-07,3.523925985920217e-07,3.996611204766939e-07,4.3823733040640057e-07,3.266428309218905e-07,1.1746126717738913e-06,3.570999284433325e-07,0.9999966521361996
banner,185,4.923839544853881e-07,0.9999959963015304,4.004535372695894e-07,5.727727552324011e-07,6.208605068970717e-07,4.7006998990395567e-07,7.169221341255165e-07,7.302355918595353e-07
bar,186,8.638626160740961e-07,1.265714566139421e-06,9.209897822712277e-07,9.552171444577672e-07,0.49999618600106577,0.49999740259772313,9.938811292809007e-07,1.4117359729387762e-06
bargain,187,4.523689563637161e-07,0.6666601623075277,8.268625058246707e-07,8.937450903362172e-07,1.805576030323745e-06,1.1684036726320864e-06,7.642271141480211e-07,0.33333392650910265
barrier,188,0.33340566833412955,0.16672673488556608,4.583967804953985e-05,7.297569022858479e-05,0.1667379922810063,0.024672973970923426,5.289417983777841e-05,0.30828492098025867
barring,189,7.910013396612535e-06,8.853833471883109e-06,4.8836006610385755e-06,0.0001193847070177025,1.3331452229760545e-05,8.4827399862869e-06,7.492969693421674e-06,0.9998296606835434
base,190,0.14285786215464077,0.14285657881770994,4.5213200916274885e-07,7.74434809782718e-07,0.14285710055599835,0.14285693295214677,0.4285697503474523,5.486052327828581e-07
basic,191,6.149882098506389e-07,5.359080503127318e-07,7.380371976315559e-07,8.168680624752955e-07,8.336323707938157e-07,9.426903482775574e-07,0.9999948610252434,6.568505173614275e-07
basis,192,0.40429068640166976,0.0001484822285035709,0.00013228051716496924,0.09469061965630315,0.00019098258823172317,0.00015697980233593664,0.5002470081405455,0.00014296066524536617
battle,193,0.4999997629580142,1.6301789291061737e-06,0.4999959736746188,5.290737882852943e-07,6.781135664052186e-07,3.099199342081517e-07,6.348565563954583e-07,4.812245925410953e-07
battlefield,194,0.49999955212400105,0.49999856169594814,2.0781512046881873e-07,3.0926383229051757e-07,4.5592127910771215e-07,2.1295943188881472e-07,4.191484020472917e-07,2.810719849732894e-07
bear,195,2.3007073249310204e-05,0.4999698633741786,4.414569313262381e-06,5.466325668272175e-06,4.145038678417456e-06,0.4999815129583285,5.113425091715029e-06,6.477235492154598e-06
bearing,196,5.500207032341254e-07,7.334471480181138e-07,3.9029215781686685e-07,6.109272604899113e-07,5.276340489627634e-07,5.335325554909408e-07,6.411898902387738e-07,0.9999960129562357
beat,197,0.3333556846107953,2.953548422821522e-05,1.75597193103124e-05,1.7564626752586462e-05,0.33132128128274946,1.4824401498495514e-05,1.3559306120900211e-05,0.3352299905685448
become,198,6.948517023992147e-05,0.2812306266707735,3.6034009726890294e-05,0.1424896670795019,0.2860929825652522,2.7432488866436845e-05,0.14289492027320772,0.1471588517424315
beef,199,5.693228158487021e-07,5.448817700272218e-07,5.455262704921863e-07,0.9999956678473398,5.424651857729583e-07,8.56617155303669e-07,5.395201883416931e-07,7.338192743072438e-07
begin,200,5.117823000496164e-05,0.040890917153876584,0.3333946553628518,0.22229407796910616,0.11117936432154901,0.06995432132708869,0.22094519571875787,0.0012902899167649502
behind,201,0.3333328142252105,6.319137468560027e-07,3.576714528089478e-07,3.6354685705624556e-07,4.695143481150674e-07,3.2800227366882485e-07,3.7684788625582444e-07,0.6666646582782247
belfast,202,8.276986605278802e-07,0.9999942512997266,6.159533484874925e-07,7.781196067846204e-07,7.85090710026498e-07,8.855717711738571e-07,9.964892160914035e-07,8.597769602506228e-07
belief,203,4.6113894233755895e-05,0.33351130026520653,6.033569998175378e-05,8.769179188286536e-05,0.00011350478428111777,3.188932048696339e-05,0.2567085479713505,0.40944061627257655
believe,204,0.03507336737190308,0.2097923515323823,0.11355883158452722,0.17457386192492272,0.1231385365179111,0.01755502438521193,0.18164168878375,0.14466633789939182
belong,205,6.298805432756108e-07,1.1157802390951874e-06,6.334977054656369e-07,0.9999943961933664,8.702297529501096e-07,4.581082677811538e-07,9.302990227267507e-07,9.660111024646172e-07
benchmark,206,0.0003578337328268468,8.808327498795164e-06,1.3473499213388633e-05,2.0621697825619132e-05,1.2733989443091006e-05,0.9995529645835881,2.2615691291287688e-05,1.0948478312849581e-05
benefit,207,0.0666736444444873,0.1333224481474749,0.06666503165326465,0.19221002917504978,1.952550385103454e-05,0.34107717591304426,1.6088292358490447e-05,0.20001605687046956
berlin,208,5.597989093958777e-07,0.999995881902549,3.385981328059325e-07,6.779670183775298e-07,5.77976374191165e-07,5.025924423740515e-07,9.412957724691321e-07,5.198688014189531e-07
best,209,0.16667804242739326,0.1662154992716895,0.11108191658773449,0.11374655445319941,0.05557039672262428,1.3120662142114118e-05,0.2755624407087363,0.1111320291664806
betray,210,3.572394595934498e-06,1.2420756944962227e-05,3.2148485332403565e-06,4.187351881768846e-06,0.9999142551431619,1.5502440128651884e-06,5.094632548158772e-06,5.570462832119946e-05
better,211,5.207633560557378e-07,5.435431517844434e-07,1.1339436542070348e-06,0.4999981545268643,0.499997807101441,5.793217587768426e-07,4.5052170854788827e-07,8.102780651965856e-07
beyond,212,2.004723395537414e-05,2.844189398065116e-05,1.82150754298715e-05,2.7867877688963072e-05,0.5000214646779859,1.8018362519117457e-05,0.4985412750711762,0.0013246698072638598
bidder,213,0.00017523152796206928,0.12293997878034546,0.0001991747331188667,0.0003006927839603339,0.00022284380976150565,0.8756278817269035,0.0002144769159162196,0.00031971972203206336
bidding,214,4.61931156561632e-06,1.000130510773446e-05,5.576577958241205e-06,9.851546798650994e-06,8.776976080740572e-06,0.00015348357843877178,0.49980305031237127,0.500004640391679
big,215,4.0522041418549004e-07,8.298203642513845e-07,0.19999981656620597,0.5999977366425988,5.633415842232391e-07,0.19999928291251273,5.520754832112845e-07,8.134208367097252e-07
bilk,216,2.2407076476093447e-05,3.2326013069113705e-05,0.0010129817998160288,3.45516999435499e-05,2.2943043778569064e-05,3.287168309410026e-05,2.559027831519741e-05,0.9988163284055074
bill,217,4.2768903689680443e-07,5.028739989651361e-07,5.467113664296675e-07,5.31212312969688e-07,0.33333150646614335,8.832697517549175e-07,4.4233691475155296e-07,0.6666651594404749
billion,218,0.1250034404160841,3.4157811709865046e-06,5.009263404638531e-06,0.37647937499611356,4.935413246853948e-06,0.24848818323535482,1.1785715274031614e-05,0.25000385517935103
