token,id,G1,G2,G3,G4
metamorphosis,1,0.005069890407345116,0.0019502236349827546,0.9910833363409605,0.0018965496167116843
one,2,0.0025414481408916035,0.007941190928701136,0.9826315308840597,0.006885830046347521
morning,3,0.0008730193955462348,0.0036292278802727276,0.9854303540481324,0.01006739867604858
gregor,4,0.006318515336812195,0.0158610889025662,0.9393187629818536,0.038501632778767954
samsa,5,0.0124980852271685,0.017834219132745004,0.8900290952410917,0.07963860039899474
wake,6,0.011978490262463214,0.04412702477428151,0.5286244026818214,0.4152700822814338
troubled,7,0.007023839443023558,0.055293268466528656,0.2416460289872811,0.6960368631031667
dream,8,0.0036224381153941807,0.009323025950663718,0.11112738695217335,0.8759271489817688
find,9,0.0008823501383534328,0.0022955078544866663,0.002438579335521557,0.9943835626716383
transform,10,0.03606747357527339,0.012060214313908937,0.011573833110834339,0.9402984789999834
bed,11,0.0030784887404166315,0.003874315714580787,0.040432768020380525,0.9526144275246221
horrible,12,0.0005144216404840463,0.002399516035372658,0.0031138808123422094,0.9939721815118011
vermin,13,0.0032996684818998884,0.00850831575235598,0.01710546240555539,0.9710865533601888
lay,14,0.0017687791647380232,0.00865577415962503,0.008307737246990089,0.9812677094286469
back,15,0.0005323730518815412,0.0020315090163622873,0.005257935734744471,0.9921781821970117
lift,16,0.0055666437594090665,0.006735824862487943,0.014099372720113095,0.9735981586579899
head,17,0.006467516232529202,0.016569652716526887,0.05202356429750231,0.9249392667534415
little,18,0.003944571459581095,0.01111364853586167,0.1253869830279497,0.8595547969766075
could,19,0.008255088624575295,0.02730897451040491,0.03855426481425243,0.9258816720507674
see,20,0.024744187896124946,0.03252317704349992,0.240055461141552,0.7026771739188231
brown,21,0.004764085223086284,0.007362870153705299,0.920511389253037,0.06736165537017144
belly,22,0.0029707688827656648,0.004180586049530364,0.9643006533438236,0.028547991723880322
slightly,23,0.004585896074637652,0.0036328290419831246,0.9849644492599047,0.006816825623474475
domed,24,0.001815653587934598,0.0014098761904376565,0.9961171362840602,0.000657333937567498
divided,25,0.005731659568979443,0.008370151877068037,0.9845246944566658,0.001373494097286781
arch,26,0.001024046967855694,0.0019004341127216906,0.9962621858757656,0.0008133330436568449
stiff,27,0.0028101476801587057,0.005601663848015411,0.9812513344789515,0.010336853992874363
section,28,0.018506759133526552,0.013964420471283663,0.9539436444110764,0.013585175984113376
bed,29,0.004472321526250244,0.005831814580242095,0.9046457332485376,0.08505013064497023
hardly,30,0.006581713697621094,0.02310343110643586,0.23951605169161666,0.7307988035043264
able,31,0.007534494625055895,0.032129337350035654,0.038279224668403077,0.9220569433565053
cover,32,0.015552120452198575,0.01498560277031016,0.23158944090815745,0.7378728358693338
seem,33,0.005665472772076572,0.0062053853309785145,0.0037768987941752094,0.9843522431027697
ready,34,0.004504290140411168,0.014508852949890452,0.018238785636112902,0.9627480712735854
slide,35,0.1971231175879296,0.01777545178191776,0.1855574615106094,0.5995439691195431
moment,36,0.3775787480830624,0.02555443125964785,0.029748123162948347,0.5671186974943414
sidelight,37,0.6904940792429717,0.049116563713323375,0.15688223195025716,0.10350712509344773
relativity,38,0.9976015968052604,0.0007002696372343216,0.001018560665853317,0.0006795728916520584
ether,39,0.9964461352194636,0.0009575613205652123,0.0019024503598936324,0.000693853100077662
theory,40,0.9993830460672622,0.0003346345209955184,0.00020059688431552507,8.1722527426731e-05
relativity,41,0.9995704558305776,0.00017243015862473355,0.00019458383149327315,6.253017930442977e-05
address,42,0.9816692293816519,0.01109832520587489,0.0035574692144950165,0.0036749761979782865
deliver,43,0.9470458347725382,0.01976033246718771,0.006435554258488292,0.02675827850178582
may,44,0.9729955454640904,0.011471965432179616,0.007211388694904073,0.008321100408825954
th,45,0.9921414878612527,0.002491029114162491,0.004095420755924392,0.0012720622686604485
university,46,0.9636162722641032,0.01937321081015926,0.013379716791814556,0.0036308001339230224
leyden,47,0.9691338957833564,0.00745157199755359,0.019112261071342368,0.004302271147747738
come,48,0.762560573054993,0.02172953978892883,0.020361376982441004,0.19534851017363722
alongside,49,0.8579182328275187,0.03435876646906294,0.06419046248675611,0.043532538216662545
idea,50,0.9851272988503889,0.0062818538623185495,0.0025701160807330135,0.006020731206559575
ponderable,51,0.9972069289046014,0.0008049490455212459,0.000975955366102694,0.001012166683774579
matter,52,0.9947707825407083,0.002599281493142019,0.001207745331279328,0.001422190634870413
derive,53,0.9965748628097869,0.0019015194382247529,0.0006972011857474897,0.0008264165662409085
abstraction,54,0.9965101748851017,0.000972336443823931,0.0022432540366266545,0.00027423463444778694
everyday,55,0.9729640623231167,0.007028887232967712,0.01149398001455561,0.008513070429359903
life,56,0.9420811832332108,0.019122223816807074,0.023742994188736224,0.015053598761246014
physicist,57,0.996603459403478,0.0016709707418396578,0.001373707255188874,0.00035186259949351737
set,58,0.968340620884452,0.008039325988564092,0.013802972089824624,0.009817081037159003
idea,59,0.9879444812034438,0.0054537824633402775,0.00215092808657821,0.004450808246637706
existence,60,0.9938331007145498,0.003912991355667161,0.001446910905205117,0.0008069970245778903
another,61,0.9309094416540351,0.023385837625805865,0.024439842657943498,0.021264878062215713
kind,62,0.9354266565576665,0.028689820201316565,0.013679026232813403,0.02220449700820331
matter,63,0.9391335087086806,0.04962855140192984,0.005160353214756466,0.0060775866746330225
ether,64,0.9401810119489835,0.048713918193113104,0.008948027511102852,0.0021570423468006673
duty,65,0.167897217275505,0.7896787174815141,0.027625293168844947,0.014798772074135836
civil,66,0.03005782239595056,0.9572338228822158,0.009800905646738885,0.0029074490750947424
disobedience,67,0.007006006173251862,0.9874369427445993,0.0027253098116647024,0.0028317412704843034
heartily,68,0.000853660054044097,0.9806964240506423,0.0032135505297912785,0.01523636536552231
accept,69,0.001092864608039131,0.9903784442289099,0.0005073478651798443,0.00802134329787105
motto,70,0.002085077792766489,0.9893229014353485,0.0058735414287861545,0.002718479343098878
government,71,0.00042750482896667486,0.9987825038830817,0.0005124685841150768,0.00027752270383639795
best,72,0.002741847268669888,0.9740129599756159,0.0158353187058125,0.007409874049901646
governs,73,0.009516046417591396,0.9881890299171145,0.0015134769917116802,0.0007814466735821838
least,74,0.002741745320981614,0.9903521189597263,0.004229319803827541,0.0026768159154646597
like,75,0.0050518463815676,0.9580858377547119,0.011704155902192648,0.02515815996152777
see,76,0.005715451301603707,0.9739448566159429,0.004332895402539576,0.016006796679913744
act,77,0.0024905188426880896,0.9938935473255205,0.0023905346400623687,0.001225399191729033
rapidly,78,0.00674584122288013,0.9853153441268082,0.005564553720615161,0.0023742609296965936
systematically,79,0.004701223825980606,0.9923748730052289,0.001538621365086297,0.0013852818037043027
inaugural,80,0.002210035220014141,0.9871152596000535,0.008534459392050544,0.0021402457878817284
lecture,81,0.011430294286475306,0.9799727367189609,0.006487488912518577,0.0021094800820451592
state,82,0.0029203201971849013,0.9937935314122684,0.0025261861855061032,0.0007599622050405178
hold,83,0.001735210193426019,0.9831286161264488,0.0026468611393507574,0.012489312540774357
professorship,84,0.0071090611234489575,0.9877896888295158,0.0037720731652158067,0.001329176881819312
direct,85,0.011684088054914034,0.9820946587046029,0.0037784129767867566,0.0024428402636963845
practical,86,0.02242998710466792,0.9713708057564027,0.00380364941569313,0.0023955577232364564
exercise,87,0.005090064941582475,0.9904400201334348,0.002523082499255918,0.0019468324257268018
chiefly,88,0.004281833952202994,0.988689108212247,0.00611843979019484,0.0009106180453552198
natural,89,0.019718434761675077,0.9664700263682189,0.012366709842696687,0.001444829027409387
history,90,0.004679558647661389,0.986998891216145,0.0066958714906524075,0.0016256786455411472
landscape,91,0.008333057794822794,0.9270920316442147,0.06302915177659986,0.0015457587843626796
carry,92,0.0033415584569487507,0.9818806725594118,0.0049500350874390675,0.009827733896200432
finally,93,0.0010610562348286555,0.983810374465295,0.0036820655221250914,0.01144650377775144
amount,94,0.012844984022877627,0.9806098150884831,0.00449860306122595,0.002046597827413278
also,95,0.0034993496867845066,0.9843934089400562,0.0065730559544652685,0.005534185418694189
government,96,0.00043448128561777196,0.9987697253507459,0.0005179663224777029,0.0002778270411585548
best,97,0.00271768953628561,0.9745711816592244,0.015536254594823249,0.007174874209666658
governs,98,0.009282144989796242,0.9884960810457368,0.0014706399957974436,0.000751133968669483
men,99,0.0006683637881562599,0.9926732663695709,0.003834515619398608,0.0028238542228741607
prepare,100,0.0014374764542590419,0.9887275511540145,0.0024371890716674794,0.007397783320059006
kind,101,0.007997239735649525,0.9735941513380945,0.006989652478569155,0.011418956447686889
government,102,0.00043622263030395253,0.9987475735947425,0.0005306465409853978,0.00028555723396811927
many,103,0.0022997221134447065,0.9898038286543274,0.0047610998590577975,0.0031353493731701787
leg,104,0.0036593808023062096,0.9638402189855403,0.02318990457107174,0.009310495641081756
pitifully,105,0.002129042208393081,0.9792063006671582,0.0067236882315496755,0.011940968892899056
thin,106,0.023332058005686402,0.8988711126256018,0.07007022222538829,0.007726607143323526
compare,107,0.015233468271471632,0.9708035297053638,0.004319921847545586,0.009643080175619125
size,108,0.025582509598209426,0.9450697326069121,0.02561879257425924,0.003728965220619089
rest,109,0.002819315902185383,0.9781251307324751,0.012006329249075107,0.00704922411626449
wave,110,0.04597822897492289,0.926271565190397,0.02200812786208482,0.005742077972595312
helplessly,111,0.0030748759960584097,0.9532300576099639,0.012443557162498928,0.03125150923147863
look,112,0.0033265264290253008,0.8872370445694209,0.02363317884939649,0.08580325015215737
room,113,0.006743665065765269,0.9147647368069459,0.05658129816538478,0.02191029996190398
proper,114,0.009482160473106337,0.9787700536459876,0.007802747981219965,0.003945037899686315
human,115,0.01199348749635898,0.9806027614265642,0.004998201575902964,0.0024055495011738657
room,116,0.005957514465085787,0.9233411930614926,0.0522515714189849,0.018449721054436683
although,117,0.0029828656607879486,0.9881029990865478,0.002833001710957055,0.006081133541707253
little,118,0.002785950686424229,0.949248515890562,0.03398232170009429,0.013983211722919477
small,119,0.0069247531219979435,0.9590022307740431,0.031249887162831277,0.002823128941127569
lay,120,0.0016167000106267083,0.9836907910202546,0.00737271449038352,0.007319794478735401
peacefully,121,0.0008659904720255393,0.9921008471851611,0.0024321466937271604,0.004601015649086211
four,122,0.002891015742679896,0.9749429654920999,0.01790113774915992,0.004264881016060285
familiar,123,0.007470081951366347,0.9687681358149342,0.01269748047356631,0.011064301760133238
wall,124,0.006281801172515528,0.9203965072359721,0.06651522583830013,0.0068064657532122255
government,125,0.00046010252045274616,0.9986531235866075,0.0005901443887138855,0.00029662950422587836
best,126,0.0028782052550244525,0.9720070297994096,0.017471988774638795,0.007642776170927168
expedient,127,0.0029461529012161478,0.9935705583008413,0.001110389794153877,0.002372899003788684
government,128,0.00042553123800901066,0.9987922724558327,0.0005107660192192078,0.00027143028693925385
usually,129,0.008840343138075952,0.9797232246875007,0.008210556604562809,0.0032258755698606227
government,130,0.0004179927420780497,0.9988212875676199,0.0004948734769299787,0.00026584621337196807
sometimes,131,0.006978576334878651,0.9792311909330224,0.008344026606409049,0.005446206125689851
inexpedient,132,0.0009547850811855211,0.9963724753643914,0.000561164118822048,0.0021115754356010722
objection,133,0.001999450016305533,0.9954241683384956,0.0006263282054085617,0.001950053439790242
bring,134,0.001278788657099556,0.9696411045828742,0.0023784694107232343,0.026701637349303104
stand,135,0.001046920537832707,0.9750784002556635,0.009093698884301666,0.014780980322202179
army,136,0.0012677907894323688,0.9949886167418193,0.0027015650485801273,0.0010420274201681163
many,137,0.002089527114164549,0.9908325602404703,0.004115223177702791,0.0029626894676625178
weighty,138,0.006585895860999456,0.9809415678303977,0.007198753228716943,0.005273783079886084
deserve,139,0.0007138170171901666,0.9808832870249833,0.001251689658870423,0.017151206298956098
prevail,140,0.002249742130779662,0.9918726299191827,0.0015465191239219967,0.004331108826115674
may,141,0.005010543592993649,0.9845590722608699,0.004741068035860087,0.005689316110276317
also,142,0.0035220113207249577,0.9838910200324237,0.0067066899758929065,0.005880278670958471
last,143,0.0010286344741217432,0.9818580016255947,0.009150337601792255,0.007963026298491351
bring,144,0.001320272280467329,0.9684908538028283,0.002487398671310633,0.027701475245393754
stand,145,0.0010856884668306284,0.9738421141152265,0.009611246726452074,0.015460950691490992
government,146,0.00044553063160195696,0.9987107997350793,0.0005462811823232245,0.0002973884509954986
course,147,0.007870661784430863,0.9739583986644832,0.014739072474238453,0.003431867076847472
past,148,0.002996339458835886,0.9791426651598956,0.009748039779303263,0.008112955601965222
year,149,0.002012297756698188,0.9832958422041597,0.009831914091814633,0.004859945947327577
lay,150,0.0027861655291522495,0.9744851881330258,0.0116170760898468,0.011111570247975305
foundational,151,0.06604447489368108,0.9263216670085214,0.005325415376076538,0.002308442721720894
element,152,0.1417345207402154,0.8168307220544537,0.024654945670671915,0.016779811534659024
art,153,0.034305927255376505,0.7192421152375458,0.1603332238284481,0.08611873367862961
sufficiently,154,0.10204088065505844,0.5820946603604821,0.02219182036521897,0.29367263861924053
invite,155,0.0016569314739601133,0.11122880468383023,0.004863767504899427,0.8822504963373102
enter,156,0.005515872902638942,0.07294280214516631,0.013700640256296363,0.9078406846958984
real,157,0.023539784539968123,0.030965173420545652,0.01777002213163106,0.9277250199078552
work,158,0.01296822393303207,0.0229602076786748,0.012251870564332246,0.9518196978239608
accordingly,159,0.043727558677504275,0.07515001195392566,0.006750602752240099,0.87437182661633
propose,160,0.02493315577290922,0.015741018322518216,0.0015480887606442583,0.9577777371439283
follow,161,0.028275524283143054,0.01576482024573095,0.009935833441023438,0.9460238220301026
term,162,0.5944183429431049,0.08006812611456887,0.027661471747107452,0.29785205919521873
give,163,0.16943853511869986,0.028874235045874882,0.010286514599611517,0.7914007152358137
practical,164,0.9415734065110235,0.01820724484183771,0.008975491908377414,0.03124385673876127
lead,165,0.8243462214467545,0.03237445179491073,0.038564389097892525,0.10471493766044215
elementary,166,0.9682128730024591,0.009667261252297941,0.016480580814898383,0.005639284930344598
study,167,0.9934089559321533,0.0034943004951449204,0.0024184126582493257,0.000678330914452483
landscape,168,0.9132419314864283,0.008092412508525923,0.0768562634282597,0.0018093925767860206
branch,169,0.9661661632495753,0.014108448274820686,0.01711710619474552,0.0026082822808585933
natural,170,0.9780200110658571,0.006008656121195474,0.014860302888233538,0.001111029924713945
history,171,0.8584595396821957,0.04001653921570374,0.09344038252692331,0.008083538575177152
form,172,0.8868349694625962,0.019880483892740646,0.08768460254910627,0.0055999440955567924
kind,173,0.4914632934034848,0.04098773333830633,0.40667314823128276,0.06087582502692615
center,174,0.18653359521318202,0.02896426149324676,0.7785880619740544,0.005914081319516878
collection,175,0.03567721166430651,0.012723435264607017,0.947980988389674,0.0036183646814124865
textile,176,0.007894148729930436,0.00711629360479681,0.9836515768552646,0.001337980810008198
sample,177,0.016915066107067153,0.003018141105729488,0.9775133514696359,0.002553441317567357
lay,178,0.0018103783232020106,0.008447313122555434,0.9820436841880565,0.007698624366186079
spread,179,0.005353729672786966,0.0062987542576436245,0.9859629587868067,0.0023845572827625675
table,180,0.0021597486415520562,0.0016135662642428454,0.9949138029172319,0.0013128821769732163
samsa,181,0.0023008594344453353,0.003041213662405302,0.9918946460220358,0.0027632808811134477
travel,182,0.0044990673122676334,0.0070383324361331144,0.981856917057537,0.006605683194062222
salesman,183,0.001550367017970019,0.002698089728706875,0.9924815121888398,0.003270031064483293
hung,184,0.0003949515013675494,0.0016056970363147157,0.9957166524820024,0.002282698980315325
picture,185,0.0013652466777395143,0.0010626047113144038,0.9961365113876143,0.0014356372233316822
recently,186,0.0026067181556748095,0.0074714493079455204,0.9854507037261068,0.004471128810272847
cut,187,0.0005282188888293664,0.001794274266524528,0.9938047378419602,0.003872769002685861
illustrated,188,0.0013482281270176166,0.0015237494396160268,0.9961287375897218,0.0009992848436445598
magazine,189,0.002003293406359191,0.0026003415270039244,0.9937847190986804,0.0016116459679565102
house,190,0.0006318751318677397,0.0030791447139317625,0.9945429399556107,0.0017460401985897186
nice,191,0.0008315220701594285,0.0017592663184655098,0.9894173907457378,0.007991820865637413
gild,192,0.0011234252718879815,0.0030412308242565257,0.9940146516303447,0.0018206922735109086
frame,193,0.005634189416560267,0.0016265403480639942,0.9915282207017421,0.0012110495336336913
show,194,0.0019826314042496957,0.002560941380028789,0.9904340235635188,0.005022403652202607
lady,195,0.0005308865511639138,0.002978160726971516,0.9931652733301389,0.0033256793917255936
fit,196,0.00625579291577141,0.006070122272548943,0.9693809321938957,0.018293152617783973
fur,197,0.0010705053592178948,0.001955226479181599,0.9960274795273372,0.0009467886342634852
hat,198,0.0005121039457174606,0.0013872945076183218,0.9965396159849294,0.0015609855617348186
fur,199,0.0010873397896184818,0.0019921941647783694,0.9959481278174623,0.0009723382281409255
boa,200,0.0009217614267957111,0.0017675367053816742,0.9961554686330201,0.0011552332348025549
sit,201,0.0011811217758045279,0.007373355253393594,0.9710054150798948,0.020440107890907052
upright,202,0.0018085874054799367,0.002414802118567818,0.9941542999789165,0.0016223104970357924
raise,203,0.003811353320655936,0.02490511417574317,0.9514055839292237,0.019877948574377212
heavy,204,0.0029750244233530906,0.0035575845293834138,0.9919562603702432,0.0015111306770202496
fur,205,0.001094643123323247,0.00203232633973647,0.995906782221012,0.0009662483159282595
muff,206,0.0009495814180774446,0.001292695520268949,0.995922972877809,0.0018347501838446097
cover,207,0.001254469215348384,0.0013468489351062126,0.9953863266418075,0.0020123552077380533
whole,208,0.002889639795999185,0.005290372727913591,0.9882936419839229,0.0035263454921643095
low,209,0.005786302926335488,0.0028220026092782738,0.99041273912197,0.0009789553424162038
arm,210,0.0031371523073502566,0.005304943529125594,0.9892517641416568,0.002306140021867375
towards,211,0.00333662361053345,0.009923101076025918,0.9832202561568404,0.0035200191566001023
viewer,212,0.005787116751053324,0.002975076519467329,0.9871357672278277,0.004102039501651819
stand,213,0.000845058528956625,0.005867557129543009,0.9816285371201927,0.011658847221307674
army,214,0.003725852669883359,0.02420995279963806,0.9691186226025688,0.0029455719279098324
arm,215,0.0036591971507052056,0.007023646736132098,0.9866203452897085,0.0026968108234541642
standing,216,0.0023653751584686265,0.007946367583970514,0.9850702025155385,0.004618054742022343
government,217,0.006222009213644185,0.11478148982952087,0.8749331067580838,0.004063394198751269
outset,218,0.00914686400715267,0.03269575299974747,0.9484738967018169,0.009683486291282989
must,219,0.019886275271237264,0.040664514063033945,0.9017480837100427,0.0377011269556862
shortly,220,0.001433695335245248,0.011930402512872985,0.9790642992299554,0.007571602921926282
state,221,0.00914435668412404,0.024477967274611465,0.9639279818456253,0.002449694195639137
position,222,0.01105138028179011,0.015520010383749186,0.968520683781581,0.004907925552879765
landscape,223,0.000984597157529605,0.0008635169575850949,0.9979678551876829,0.00018403069720234968
paint,224,0.00036652614845389354,0.0005614002561548295,0.9984171518450569,0.0006549217503342397
animal,225,0.004322192664796562,0.004446195960753931,0.9895232048586255,0.0017084065158238884
painting,226,0.0008829662929576176,0.0011469048370740106,0.9975843626185462,0.00038576625142218446
hold,227,0.005266744947084401,0.026407088122706018,0.9298347650414481,0.038491401888761365
towards,228,0.004865401524762743,0.018960309920453233,0.9710646698693027,0.005109618685481425
high,229,0.010834055415786883,0.037981885448837197,0.9478294300880677,0.0033546290473081774
branch,230,0.024742241366290746,0.154399842553382,0.814331221365503,0.0065266947148242245
art,231,0.013283597612311418,0.18359968104465835,0.7963428408728536,0.006773880470176741
government,232,0.005046654866636077,0.9399801061630961,0.052023895513901484,0.002949343456366432
mode,233,0.10885949780799534,0.6993231012881513,0.17715790643636684,0.014659494467486496
people,234,0.003116973950561236,0.9709619756331067,0.019508879846540365,0.00641217056979175
choose,235,0.002965917869857025,0.9764240635215702,0.0028177539154026726,0.01779226469317015
execute,236,0.0020212496720765963,0.987828732272144,0.002048773197284199,0.008101244858495225
equally,237,0.003261294772694769,0.9905564313549496,0.0026467049565729543,0.0035355689157828066
liable,238,0.0014738921755472702,0.9963487769976278,0.0008751298686870915,0.0013022009581378396
abuse,239,0.0016589862438123983,0.9942425566044419,0.0017235998003904522,0.002374857351355469
perverted,240,0.0016061439408281588,0.9877090719111257,0.0032389077569860447,0.007445876391060211
people,241,0.0010887237724166252,0.9932580742717343,0.0032424787868963988,0.002410723168952694
act,242,0.002370100641821289,0.9941884723177677,0.0022885790388546775,0.0011528480015561822
witness,243,0.0012062917524393894,0.9905641277501254,0.003290725314415146,0.00493885518302011
present,244,0.005481809974918151,0.9824897614797298,0.008769752866473182,0.0032586756788790055
mexican,245,0.00281755734352415,0.9854444678213509,0.009499172709230595,0.002238802125894483
war,246,0.0009767726353911846,0.9952912222200396,0.0024370319970943646,0.0012949731474746586
work,247,0.004860112651355586,0.9862645619400178,0.004878280391562398,0.003997045017064424
comparatively,248,0.007652956565394785,0.98392180116592,0.0065906590777806365,0.0018345831909046763
individual,249,0.0065867211676925806,0.9884576232199918,0.0034697577246211313,0.0014858978876942984
use,250,0.010899849823085358,0.9828775422347471,0.003234928037153091,0.0029876799050143426
stand,251,0.001083112191619473,0.9751352587029095,0.009215621749800644,0.014566007355670344
government,252,0.0004395442289255548,0.9987643331355653,0.0005176456417914455,0.0002784769937176378
tool,253,0.017070546363348954,0.971997748913003,0.007566606560343372,0.0033650981633046593
outset,254,0.0024958074543612505,0.9924379805509578,0.002370448250444449,0.002695763744236557
people,255,0.0018508849536151238,0.9896522600138836,0.005005369155335291,0.0034914858771659444
would,256,0.0033534512791247853,0.9466495741468303,0.007888848660089686,0.042108125913955144
consent,257,0.007273353773552864,0.9670469406113581,0.017958210959702948,0.007721494655386106
measure,258,0.22047541852698063,0.6648035743139181,0.10541425907023085,0.00930674808887048
landscape,259,0.028843269361655818,0.17266921847149042,0.7943407807331121,0.004146731433741644
paint,260,0.02580058460627021,0.06442072989165301,0.8941626633848139,0.015616022117262849
thoughtful,261,0.1432846442737298,0.16846315155520108,0.5826471079129412,0.10560509625812806
passionate,262,0.2112078551661962,0.135757265380417,0.546431341614371,0.1066035378390158
representation,263,0.9080389550566687,0.03800171247996935,0.05079916804763848,0.0031601644157234067
physical,264,0.9763367702475678,0.010009138907178855,0.011350747746081382,0.0023033430991719855
condition,265,0.9740870518938101,0.013312137311739788,0.007129490509965469,0.005471320284484735
appoint,266,0.8271408575587358,0.11674994344207354,0.008718199020125845,0.04739099997906488
human,267,0.9876645144271512,0.0074381561458275475,0.0032550379748646652,0.0016422914521565626
existence,268,0.9926317846972745,0.004802093969897959,0.0016079011847699657,0.000958220148057514
explanation,269,0.9946082226159513,0.0029044957642470333,0.0008897703286597556,0.001597511291142201
probably,270,0.9439867079924973,0.020170966517467973,0.017076526044601865,0.01876579944543293
seek,271,0.8851803472733852,0.057753461856834776,0.005897365553853024,0.05116882531592685
phenomenon,272,0.9984741225160547,0.000632705044990858,0.0005560318525388867,0.00033714058641560194
give,273,0.8894298169028587,0.019154304777597723,0.006862367116781376,0.08455351120276212
rise,274,0.9810796665727016,0.008048300269721014,0.007198187652428119,0.0036738455051493505
theory,275,0.9995074950014999,0.00027557693692360877,0.00015038217813540778,6.654588344102743e-05
action,276,0.9812995128334807,0.01049517719280097,0.0046096617243875995,0.0035956482493307617
distance,277,0.9902992955703095,0.0025044023340624506,0.005780067723940654,0.0014162343716875166
property,278,0.9786752483095849,0.014244979020338439,0.0055245204585528,0.0015552522115239566
light,279,0.9809157646547247,0.0022614764883129583,0.015347236518209614,0.0014755223387528248
lead,280,0.9594812180822446,0.01115156103326234,0.013586615780900632,0.015780605103592395
undulatory,281,0.9990676542109633,0.00023029914122006537,0.0006289429573601343,7.310369045646073e-05
theory,282,0.9995016078295019,0.0002765161558172824,0.00015780011151907356,6.407590316159714e-05
imitates,283,0.9689046832200247,0.0048454522026967015,0.018254890245621186,0.00799497433165752
aspect,284,0.9926939800049144,0.0035953416110541844,0.0027286823086905584,0.0009819960753409411
record,285,0.9140705746414037,0.032961896822939686,0.0336467990812485,0.019320729454408065
phenomena,286,0.9947597446985076,0.0035959893360922243,0.001059666990480684,0.000584598974919336
visible,287,0.7883127900254413,0.12639124089000525,0.07362624749354224,0.01166972159101125
thing,288,0.19361155626356907,0.4438925940954021,0.05031557434996261,0.3121802752910662
dangerous,289,0.07305315560163043,0.8261399785993082,0.034051415168730254,0.06675545063033114
beneficial,290,0.06723439518130592,0.919852959922658,0.00509589471966798,0.007816750176368004
men,291,0.0018500305578914324,0.9821987826192705,0.008276484884717474,0.007674701938120612
display,292,0.011532936270920847,0.9668357165919725,0.018360078753472304,0.003271268383634272
human,293,0.011774365123870477,0.9822258164513339,0.004020731184190465,0.001979087240605132
method,294,0.053832924925868615,0.9382141120921306,0.005873239873098379,0.002079723108902487
deal,295,0.002031071180549147,0.9888241705587464,0.003182585486046784,0.005962172774657721
enjoy,296,0.0015331162642225123,0.9763860418698785,0.004021252733822188,0.018059589132076757
suffer,297,0.0025233036381925194,0.9870179191382215,0.0018390997052392397,0.008619677518346852
either,298,0.004961084807697089,0.9867417131294007,0.0038303572139536087,0.004466844848948421
exemplary,299,0.0014273056361950836,0.9955177346112472,0.0022159881499040964,0.0008389716026534046
deserving,300,0.0005728079182806737,0.9956947839183828,0.0013400596109379747,0.002392348552398559
sympathetic,301,0.0016684282407161868,0.992714953351715,0.002335851622740087,0.003280766784828676
contemplation,302,0.008461072817749129,0.9781098339899066,0.010158386239245597,0.003270706953098636
american,303,0.0033612356644515283,0.9837047104252961,0.010153940698231612,0.0027801132120208166
tradition,304,0.004143086719744666,0.9887090599914217,0.005678505253955824,0.0014693480348777915
though,305,0.0018644918896085845,0.9860449829600721,0.0024260166764932577,0.009664508473826106
recent,306,0.006307584651183506,0.9844385361684487,0.0063736889833870556,0.0028801901969808252
one,307,0.0023901225760734847,0.9841805493595611,0.007604897771661834,0.005824430292703649
endeavor,308,0.003386089004736708,0.9921583725215924,0.001996806575048915,0.002458731898621879
transmit,309,0.016359749947530495,0.9752878516038077,0.003995264120306458,0.00435713432835537
unimpaired,310,0.006191510428318963,0.9895026478084792,0.002856778488505086,0.0014490632746965986
posterity,311,0.001103379648261303,0.9927018390125579,0.002877134983515551,0.0033176463556651753
instant,312,0.010886614468489274,0.9689366514578831,0.011222073551612302,0.00895466052201527
losing,313,0.0010677910154379972,0.9850473639278386,0.005715268179283911,0.008169576877439405
integrity,314,0.0038520019885877406,0.9928302576341637,0.0020834369085381615,0.0012343034687106213
let,315,0.0024616699480690136,0.9297136484053001,0.004785760220727114,0.06303892142590362
u,316,0.008851637944564818,0.9716774836280451,0.013242136365896114,0.006228742061494096
devote,317,0.0026901421535386037,0.9880300298640733,0.0030200998833071983,0.006259728099080831
little,318,0.0029340933412414943,0.9479773609236942,0.034077602373907966,0.015010943361156439
consideration,319,0.007844409082938734,0.9877886638637114,0.002146981194017678,0.002219945859332102
two,320,0.005527244158034767,0.9603485375492951,0.0267629699669297,0.007361248325740407
subject,321,0.02788001176662921,0.9504170661959601,0.01728208683624472,0.004420835201166037
vitality,322,0.030477764213466187,0.8064208316849356,0.1511870546289343,0.011914349472663852
force,323,0.05041251005114776,0.7155351096779936,0.22176210916029115,0.012290271110567469
single,324,0.020787255431280263,0.1459397440164719,0.8082976321415272,0.024975368410720688
living,325,0.00904420546993422,0.09458452058607346,0.8839006070770248,0.012470666866967592
man,326,0.00223525689348572,0.025643133511187775,0.9569828151023981,0.015138794492928436
single,327,0.006362888406902663,0.012184973838519993,0.9731917214250481,0.00826041632952932
man,328,0.0033937273718555937,0.06295464748873938,0.9107974861340967,0.022854139005308225
bend,329,0.012068864110542223,0.11641630833937412,0.8557696283408713,0.015745199209212392
less,330,0.034537826837796486,0.5559426144152821,0.3876228161771111,0.02189674256981029
necessary,331,0.03547216245052554,0.9171747943431555,0.0334583149889931,0.013894728217325805
people,332,0.0037256964997675335,0.9587080917024084,0.029581398235813607,0.007984813562010279
must,333,0.007094143468162332,0.9751888647151973,0.0038516314253993775,0.013865360391240934
complicate,334,0.008094232198437825,0.9798046320973612,0.002552416134371198,0.009548719569829701
machinery,335,0.01184736051353071,0.9775510807137635,0.00892122281511167,0.001680335957593978
hear,336,0.0016600040663938779,0.9237870708402869,0.0037338076815796933,0.0708191174117394
din,337,0.004018200512940975,0.9824607842980768,0.008982413837485062,0.004538601351497146
satisfy,338,0.01156738691428453,0.9829866435435415,0.00089521212868139,0.004550757413492529
idea,339,0.01266248714155777,0.9771647549908965,0.003287171488899579,0.006885586378646053
government,340,0.0004735021807223993,0.9986573647448672,0.0005742618597835813,0.0002948712146267158
animal,341,0.007713655333192056,0.9756281535122748,0.013749721811083604,0.002908469343449632
painting,342,0.005831775494217337,0.9397654449675296,0.051952934860544836,0.002449844677708154
investigates,343,0.016902552762355375,0.9718314407860646,0.0059560986021750875,0.005309907849404852
law,344,0.0032181551751045627,0.9944557785590837,0.0014412922037530234,0.0008847740620585826
great,345,0.004045971934419009,0.9747881551356232,0.01665942449261539,0.004506448437342332
less,346,0.050496231049403664,0.9179392613445478,0.020809911407990756,0.010754596198057529
nobility,347,0.04714141655351164,0.9340613874894854,0.013608118002364705,0.005189077954638223
character,348,0.3659823413261268,0.5248435106039543,0.07153565714736257,0.037638490922556424
organic,349,0.9129287903658954,0.07069629490007195,0.014215059246389414,0.002159855487643272
form,350,0.9527477865238356,0.03595677241454288,0.008236314374867333,0.003059126686754355
comparative,351,0.987698191113559,0.009147353308839068,0.0026144905836176266,0.0005399649939842798
anatomy,352,0.9880029691750386,0.0029837931289936194,0.007885362065007846,0.001127875630959897
examines,353,0.9922607318056136,0.0038365219119453823,0.002234370177968489,0.0016683761044727053
great,354,0.9230124386101461,0.030067669515083766,0.03636061446849799,0.010559277406272034
less,355,0.9766017416968091,0.010139915989049012,0.008670410159712023,0.004587932154429797
development,356,0.9895638138851736,0.005932503125356494,0.003648510511613646,0.0008551724778563978
organic,357,0.9964030864899664,0.0013860686689459508,0.0019159234344953264,0.00029492140659233637
structure,358,0.9968589902826864,0.0009546933789349178,0.0020214392145032414,0.00016487712387552544
function,359,0.9982917644833882,0.0009533536369308825,0.0005223050445103431,0.00023257683517040114
animal,360,0.9646182776132438,0.010463147129464551,0.020429225459763042,0.0044893497975286535
paint,361,0.8031260086568958,0.011916561863558266,0.16952198659178933,0.015435442887756518
bring,362,0.7851269814624464,0.04195103080796008,0.016138968789232006,0.15678301894036165
notice,363,0.9282732577190708,0.02836897762667178,0.012059782853850048,0.0312979818004073
minor,364,0.9488699371439681,0.01622150750116624,0.028111485497658042,0.006797069857207719
unthought,365,0.985748339766095,0.006168287894466499,0.0032047550393417145,0.004878617300096773
condition,366,0.987851238781604,0.006617135217907824,0.002712404902658677,0.002819221097829345
power,367,0.960632254497014,0.026201751154640705,0.008994195688113396,0.00417179866023182
beauty,368,0.8368839320166296,0.05775008062564221,0.09404132202768033,0.011324665330047895
physiology,369,0.9537816973297454,0.033566836812645925,0.010400390653488994,0.0022510752041197115
ascertain,370,0.6101952500199045,0.34647730256865916,0.010206532128014926,0.033120915283421384
minor,371,0.3103238377272527,0.5838562665327044,0.08660090950124447,0.019218986238798235
condition,372,0.24995659353377936,0.7199034395087877,0.014766984807306163,0.015372982150126805
adaptation,373,0.06827338675582653,0.8775510431388528,0.043187288776572005,0.01098828132874866
government,374,0.0014098436536022624,0.9969057119464486,0.0011280745863672568,0.0005563698135816963
show,375,0.009328402921224938,0.9454992056344719,0.02698163658216123,0.01819075486214192
thus,376,0.008603670035918883,0.9877132358360241,0.0014547179554495948,0.0022283761726072304
successfully,377,0.001675193268687812,0.9933973646562893,0.002230125947464387,0.0026973161275585574
men,378,0.0006910988602124002,0.9923722647710611,0.003983660373463924,0.002952975995262582
impose,379,0.002078820253810934,0.9960544986301648,0.0003655473338453392,0.001501133782179075
upon,380,0.003118270077222224,0.9903505353861315,0.0034623659075478166,0.0030688286290984188
even,381,0.002836391588428741,0.9747230952350762,0.003972665152564437,0.018467848023930648
impose,382,0.005641470473091216,0.987784202628644,0.0021016185993236007,0.004472708298941219
advantage,383,0.029523836228524565,0.9061214166516977,0.04602801595376282,0.018326731166014947
gregor,384,0.016663223081999873,0.5583559387430743,0.3787983418525663,0.04618249632235963
turn,385,0.017104457225075396,0.3414757451336084,0.5342048281835698,0.10721496945774639
look,386,0.004713986229783475,0.04853780626891126,0.8122813142665292,0.13446689323477612
window,387,0.002449344284139212,0.004107145821686166,0.9896961501399424,0.003747359754232161
dull,388,0.0015977740082021444,0.0032249745900576558,0.990400878779844,0.0047763726218962325
weather,389,0.0022916928518351403,0.0027683715050404387,0.9925584955481346,0.0023814400949898388
question,390,0.024335777226560384,0.042015374605761505,0.899698797044542,0.03395005112313624
purpose,391,0.015601000580560445,0.017280088662466424,0.9641869907720719,0.0029319199849011392
arrangement,392,0.009862021550531836,0.0049211892220608865,0.9824311477298261,0.0027856414975810694
use,393,0.028658650314809013,0.02027038479724682,0.9430630409799342,0.008007923908009931
organ,394,0.004308556164175347,0.004125533037200076,0.9902487427060074,0.0013171680926171447
animal,395,0.0049771810130681575,0.0050548438204404056,0.988076797986442,0.001891177180049524
however,396,0.014722963693347748,0.04962291458390273,0.89381475817273,0.04183936355001949
less,397,0.007430591041288467,0.010661245306560372,0.9772586400616902,0.0046495235904609805
within,398,0.016883479978543035,0.016943289769641448,0.963945451686825,0.0022277785649906187
province,399,0.011627537528039075,0.0424634700425667,0.9391738484669093,0.006735143962484949
painter,400,0.0064642997517895835,0.01416404754142011,0.9756591406064455,0.0037125121003447397
physiologist,401,0.12314530405043703,0.10175590634609703,0.7556921013670715,0.0194066882363943
indeed,402,0.1932545650176676,0.260048485072472,0.2826814882509548,0.2640154616589057
likely,403,0.28523111350269414,0.276428771169943,0.2463730492487797,0.1919670660785832
commend,404,0.21001524462320592,0.33468217084192375,0.14448659398706548,0.3108159905478049
draw,405,0.5305288160134597,0.12673432814992422,0.19097843268239875,0.1517584231542174
dissection,406,0.899973892543581,0.0394286478871874,0.04685239488191092,0.013745064687320648
dissect,407,0.8773965387712855,0.029561727249143292,0.02980887292042037,0.06323286105915088
animal,408,0.9535098690515093,0.014288866917432523,0.02654632318427041,0.005654940846787794
generally,409,0.9802625733332775,0.010071911649684248,0.006587986162430062,0.003077528854608198
assume,410,0.9777466332634696,0.010531590691080474,0.0013714114498910898,0.010350364595558844
form,411,0.9904368416284185,0.005312605669376644,0.0030554363731479326,0.0011951163290570134
necessary,412,0.9434677240742705,0.04642820290438091,0.0029977111495774803,0.00710636187177111
examine,413,0.8599706079210702,0.10858259751923462,0.008141325007824423,0.02330546955187088
construct,414,0.7670987077252117,0.202470415859975,0.01797834869071359,0.012452527724099622
draw,415,0.26603995469023867,0.5676411993712291,0.09376354950564769,0.07255529643288457
out,416,0.06557821417671428,0.7952639556491098,0.056846946664021965,0.08231088351015406
form,417,0.1397306620665862,0.8350565099028128,0.018037218365155525,0.007175609665445554
attentively,418,0.007308896675181462,0.9579598572675292,0.011132923326887766,0.023598322730401744
lead,419,0.007895229555054485,0.9633356597224569,0.012939473322949258,0.015829637399539312
necessarily,420,0.01793585983425408,0.9745188860208723,0.0014957104240531471,0.006049543720820501
consider,421,0.006275213018226745,0.9846099889245916,0.0007683670852628627,0.008346430971918853
mode,422,0.03647811746988224,0.9436444440849352,0.014952743747936571,0.004924694697246025
life,423,0.002863925422214836,0.9817113439939033,0.00939610456712658,0.006028626016755298
dispose,424,0.0018894903372676183,0.9884211042080968,0.0022239053434212276,0.00746550011121425
therefore,425,0.009306782985407715,0.9871657670856027,0.0006782621967041562,0.002849187732285577
struck,426,0.0018370229137816682,0.9827046869844104,0.009115001750264322,0.006343288351543656
awkwardness,427,0.007940424524118804,0.9735558442783141,0.007010500130508098,0.011493231067059054
apparent,428,0.016945996348376367,0.9753374105527906,0.0037989061506065597,0.003917686948226481
