token,id,G1,G2,G3,G4
sidelight,1,0.024802704859773247,0.0131788330028413,0.9549184466150618,0.007100015522323636
relativity,2,8.699903673891687e-05,0.00030896305418163443,0.9993625237487932,0.00024151416028625748
ether,3,0.0012109703100590464,0.0017212722260097155,0.9962218119628005,0.0008459455011307933
theory,4,6.168590361264597e-05,0.0003458868683335164,0.9993755622981844,0.00021686492986928464
relativity,5,8.963989390517146e-05,0.0003195752465409472,0.9993420329018022,0.00024875195775168657
address,6,0.0015998959320957754,0.006585460431768656,0.9828661727026063,0.00894847093352921
deliver,7,0.002994845674833925,0.012703803118550842,0.9605617376974351,0.02373961350918016
may,8,0.0065486267924402645,0.008172880673845785,0.9759239678865125,0.00935452464720152
th,9,0.0034544669751503023,0.004176103667327359,0.990484678462961,0.0018847508945613674
university,10,0.004563613567798629,0.01630103196983675,0.9713788000988989,0.007756554363465624
leyden,11,0.0132595916666911,0.017041568918186388,0.9647159887789082,0.004982850636214436
come,12,0.01280097550081362,0.018257913197782062,0.9284712611465873,0.040469850154817036
alongside,13,0.03563754384435422,0.04554524083806207,0.8947977614594462,0.02401945385813765
idea,14,0.0004251526970054122,0.0018892192425901122,0.9942081501117027,0.003477477948701777
ponderable,15,0.0005190850582614432,0.0007285777743740701,0.9977949239391063,0.0009574132282581687
matter,16,0.0005159397376299509,0.0012434197288374808,0.9953043102876321,0.00293633024590042
derive,17,0.0006689625913201408,0.0033226395608448294,0.9940761871481426,0.0019322106996923223
abstraction,18,0.0005592100394448144,0.0016913888137862125,0.9970107842037411,0.0007386169430278827
everyday,19,0.002759487450629625,0.007392736536507919,0.982964603211526,0.0068831728013364355
life,20,0.00569288949082015,0.012485797272358063,0.9653760111081119,0.016445302128709836
physicist,21,0.0006317707162497116,0.0024632071235694427,0.9951284735009911,0.00177654865918978
set,22,0.0039055720124685895,0.008461971752676592,0.9813686341076623,0.006263822127192383
idea,23,0.00042648336198741695,0.0018967227903061072,0.9941313825281405,0.0035454113195661236
existence,24,0.0004895317588384765,0.002365001869515296,0.9947231553082442,0.0024223110634019975
another,25,0.008286872178771672,0.014069278294282601,0.9631953719700561,0.014448477556889544
kind,26,0.0026110204930397795,0.004183413120207861,0.9863822086893671,0.006823357697385309
matter,27,0.0005127843496892049,0.0012362012566194955,0.995255101827364,0.0029959125663273052
ether,28,0.0012428103365703864,0.001795017786720558,0.9960401137512951,0.0009220581254137979
explanation,29,0.00020714364376624834,0.0013656718068067151,0.9962945625541063,0.0021326219953206266
probably,30,0.012047618170145455,0.027106306617913446,0.9471298616298807,0.013716213582060469
seek,31,0.002240268961320144,0.010896859099850928,0.9292882209470473,0.05757465099178157
phenomenon,32,0.0004686468070802557,0.001352575671195598,0.9973145193808108,0.0008642581409133612
give,33,0.0038988349336826576,0.01140349515625057,0.9354760737539821,0.04922159615608464
rise,34,0.01427716266869067,0.017179419431853256,0.9529625651001249,0.01558085279933113
theory,35,0.00012166182183298326,0.0006908394195356706,0.9984738566293231,0.0007136421293082428
action,36,0.0031242580878435987,0.010549042587393082,0.9493710836548911,0.03695561566987229
distance,37,0.01155503700513961,0.017691539053485028,0.9505728042878147,0.02018061965356069
property,38,0.007532108248636335,0.028056699260788458,0.8836488880231531,0.08076230446742208
light,39,0.06519431779587835,0.03474493411057207,0.8633283220311687,0.036732426062380946
lead,40,0.04176778428271107,0.05147888008613541,0.7043983956994934,0.2023549399316601
undulatory,41,0.006328867369748067,0.008701920359951203,0.9742439719008046,0.010725240369496103
theory,42,0.0005674458507470082,0.003164074022893621,0.9843902413345161,0.01187823879184328
let,43,0.01343041084728742,0.01618597332228705,0.27447729689606964,0.6959063189343558
u,44,0.07781556805835092,0.07207970407657685,0.48368102352599684,0.36642370433907534
devote,45,0.007338645426777673,0.036810386101801776,0.22916675061794523,0.7266842178534754
little,46,0.157141885854963,0.07074216053246907,0.10978854263104693,0.6623274109815211
consideration,47,0.003996077085206966,0.019117969354272384,0.3065991806911146,0.6702867728694061
two,48,0.08223691508727807,0.08796783081608117,0.1150470826775057,0.714748171419135
subject,49,0.004213540358501283,0.019389315798051022,0.20445640648066266,0.771940737362785
outside,50,0.03184299118294125,0.04410680014814283,0.033832453427105225,0.8902177552418107
physic,51,0.04716040381147177,0.04657409488108849,0.1092454334445588,0.7970200678628809
know,52,0.001118276635522938,0.002576524706910358,0.004225917632110997,0.9920792810254557
nothing,53,0.001755841647068608,0.0031818162100044644,0.004231160137843256,0.9908311820050837
action,54,0.002380205736536978,0.008143902787552157,0.019641582769301433,0.9698343087066094
distance,55,0.015111555216765547,0.023388667940643378,0.036096908496106486,0.9254028683464847
try,56,0.0012106738309333078,0.0026885559006596745,0.00183081016367386,0.9942699601047332
connect,57,0.010318489024786392,0.025350741650698397,0.00908884304871741,0.9552419262757978
cause,58,0.0016508753422871199,0.004488383934460453,0.010632033128250864,0.9832287075950016
effect,59,0.0036138041716569347,0.0095016485372648,0.03952965558027374,0.9473548917108046
experience,60,0.0013569245949682802,0.0067737036668676625,0.012471873888760417,0.9793974978494037
natural,61,0.01305129722961529,0.021675251306284234,0.028107922641753925,0.9371655288223466
object,62,0.0035467515192088533,0.010696077298707928,0.07192524168065248,0.9138319295014308
afford,63,0.0007078239224730554,0.0024557870499589247,0.001632166428560384,0.9952042225990075
u,64,0.014590754466868897,0.013757051019327388,0.00963920723695128,0.9620129872768524
seem,65,0.001222829020756842,0.003168321539078001,0.004653884960753856,0.9909549644794113
first,66,0.004980943523731698,0.011419281105183874,0.004885224576399091,0.9787145507946854
mutual,67,0.0015909259273144,0.0037959330234454817,0.005543977144437396,0.9890691639048027
action,68,0.001211529091131739,0.0041684769164007495,0.0074306529298180796,0.9871893410626494
immediate,69,0.001047488853005617,0.00360688864942443,0.0048649878601067,0.9904806346374633
contact,70,0.004368913217172254,0.01148950698825608,0.01136441862548283,0.9727771611690889
eg,71,0.017833627262303968,0.020124181324603498,0.014005880043381666,0.9480363113697108
duty,72,0.0011505788464501235,0.0033061385532348626,0.002540651481127047,0.993002631119188
civil,73,0.001064168020007454,0.004922385234768848,0.002235646683392926,0.9917778000618307
disobedience,74,0.00037427218866541455,0.0015298427240059845,0.0017960659060049214,0.9962998191813237
heartily,75,0.0006620640402983371,0.0016464501753913226,0.0008058625574599906,0.9968856232268504
accept,76,0.00019626840573635582,0.0010904751560415786,0.001211914347149204,0.9975013420910729
motto,77,0.004397084379653085,0.005980001162662294,0.003425493531037531,0.9861974209266471
government,78,0.0004780788106427998,0.002340952468084313,0.0011368762803191609,0.9960440924409536
best,79,0.008520058421788412,0.012981392201972806,0.003634780434375649,0.9748637689418631
governs,80,0.001174203465539411,0.006455791809022342,0.013792450956484795,0.9785775537689534
least,81,0.0045237965757061694,0.006744681703398378,0.0043801698330451925,0.9843513518878503
like,82,0.01116090805016216,0.01039409430313225,0.004316165779366448,0.9741288318673391
see,83,0.0017379113569590406,0.005627909241977359,0.004190220849743144,0.9884439585513204
act,84,0.001447710896475849,0.004903552906566416,0.0033742594775900444,0.9902744767193676
rapidly,85,0.012148814435764972,0.016658592074412462,0.010912195100325546,0.960280398389497
systematically,86,0.0010497870457220986,0.006552433040314167,0.010807313325620205,0.9815904665883436
carry,87,0.0038038283969003186,0.0080235324833763,0.0027465748581348283,0.9854260642615885
finally,88,0.0018582257423896875,0.0034617383641163094,0.0017120593250953271,0.9929679765683986
amount,89,0.003129135438105335,0.009343911782980425,0.013833201647624777,0.9736937511312895
also,90,0.006296590730135017,0.01472275808526428,0.005565564546261343,0.9734150866383394
government,91,0.00047629191866900106,0.002338502148779761,0.0011326620069413225,0.99605254392561
best,92,0.008578490509520033,0.013064952157729215,0.0036474759218324314,0.9747090814109183
governs,93,0.001166592307240387,0.006406133202599218,0.013698556346590743,0.9787287181435697
men,94,0.0017841963210482867,0.004175802437862787,0.0009101869270396641,0.9931298143140493
prepare,95,0.0011955992673257025,0.006768485140076696,0.0021077932834513945,0.9899281223091462
kind,96,0.0029303447510417363,0.00466586693941721,0.008492970607237627,0.9839108177023034
government,97,0.0004771862719655684,0.0023297492580085484,0.0011301349870781532,0.9960629294829477
government,98,0.0004766978923525034,0.0023246645265379076,0.001128286533854006,0.9960703510472555
best,99,0.008472107583874362,0.012851267024180258,0.0035934307329036574,0.9750831946590417
expedient,100,0.000535443907019193,0.002632068726012155,0.005517081287886006,0.9913154060790828
government,101,0.00047646695983855585,0.002324015112565797,0.001126231158920093,0.9960732867686756
usually,102,0.023743052954984783,0.016784031398700435,0.014525247809074264,0.9449476678372405
government,103,0.00047305084375371856,0.0023047546497956097,0.0011199982494492573,0.9961021962570014
sometimes,104,0.018246852460613437,0.015288949548806793,0.010767164258213783,0.955697033732366
inexpedient,105,0.00025885849914179245,0.00161575192518408,0.002057395622872741,0.9960679939528013
objection,106,0.0001915703543630921,0.001335273824145053,0.003634543092290022,0.9948386127292018
bring,107,0.0007574619227307269,0.0026409691662977906,0.0010363980312128244,0.9955651708797587
stand,108,0.004545797190031086,0.0041171962850969895,0.0010353358474225244,0.9903016706774493
army,109,0.002226333418920477,0.005655714411505707,0.002155596831818047,0.9899623553377558
many,110,0.005305512175472397,0.01663716071999329,0.004385746562235351,0.973671580542299
weighty,111,0.004397986476417101,0.006701643400568509,0.009858417777658784,0.9790419523453556
deserve,112,0.000258697255242628,0.0008392790241164723,0.0007580371854690681,0.9981439865351718
prevail,113,0.0010489182906636642,0.00229473594267792,0.002855429701383901,0.9938009160652745
may,114,0.0057533858108282186,0.007232290100741936,0.006813500099778009,0.9802008239886519
also,115,0.007978905220517035,0.01883181531534039,0.008190283410346461,0.9649989960537961
last,116,0.005310449455252887,0.008333313080299495,0.0031619216910512833,0.9831943157733963
bring,117,0.0013586910246992032,0.0048766955933624056,0.002950699690344274,0.990813913691594
stand,118,0.008948571267565604,0.008398805829280013,0.003504121946029663,0.9791485009571248
government,119,0.0011218570040911365,0.005645825881342548,0.004996770630878032,0.9882355464836883
stand,120,0.013169375122641176,0.01228756703375782,0.006821016074841819,0.9677220417687592
army,121,0.007879332637430915,0.020544494964018466,0.021608109310990806,0.9499680630875599
arm,122,0.0385439540596682,0.045478318638468684,0.07510535295724081,0.8408723743446223
standing,123,0.04116611630055674,0.04243053559794795,0.0586561036455984,0.8577472444558968
government,124,0.0035342402508555188,0.01726982242401946,0.04369883925239386,0.9354970980727312
communication,125,0.00890897980259847,0.045388749418754565,0.5411174613780176,0.4045848094006292
motion,126,0.010797692550202725,0.021656746118508013,0.678514679279245,0.28903088205204414
impact,127,0.017964580185522033,0.05708011366268762,0.558522708450672,0.36643259770111836
push,128,0.026015599353732904,0.05017393980907865,0.33669426152546983,0.5871161993117185
pull,129,0.07506343195916969,0.06303012537227634,0.460244585009981,0.401661857658573
heat,130,0.06030158855518485,0.05139653863109986,0.7893084813784049,0.0989933914353104
induce,131,0.005513092253908032,0.014469073050355491,0.9025429784261277,0.07747485626960875
combustion,132,0.012385146709791009,0.016160399587851707,0.95510350001894,0.01635095368341748
mean,133,0.009127325202466135,0.010944443071458174,0.9222557230620393,0.05767250866403628
flame,134,0.13913089071092974,0.0437147569025512,0.7843796520727082,0.032774700313810974
etc,135,0.014525913567275024,0.03235358883070369,0.9398051398220991,0.01331535777992202
true,136,0.0051115819834750996,0.006373572503241575,0.9711375790637783,0.017377266449504943
even,137,0.005462679899157345,0.015311406291896023,0.9319933636244759,0.0472325501844708
everyday,138,0.004687368910440583,0.01239939319725244,0.9679390987047422,0.014974139187564768
experience,139,0.0012745795117903005,0.006208432360695953,0.983529119441554,0.00898786868595965
weight,140,0.005609790276384867,0.006144429275019042,0.9856151554761466,0.002630624972449467
sense,141,0.0006194129024311296,0.0016346984703750787,0.9943147577866377,0.0034311308405560828
action,142,0.0014998272821090178,0.005104000616565646,0.9838065033887645,0.00958966871256068
distance,143,0.004664422697034671,0.007165093504797722,0.9844627485559854,0.0037077352421822857
play,144,0.016433931014297656,0.02352969605287348,0.9344854576400623,0.02555091529276661
important,145,0.0022497638226453434,0.011119163318771616,0.9814074595754592,0.00522361328312394
part,146,0.006131470564702946,0.01726243211570967,0.9681809521800593,0.00842514513952802
since,147,0.003811630090719722,0.012224068661751556,0.9719376343735115,0.012026666874017183
daily,148,0.011968170353814858,0.025980752001234234,0.9445000017771502,0.017551075867800782
experience,149,0.0009016835311606232,0.004492436319151433,0.9888012892254376,0.005804590924250311
weight,150,0.0046051571605152455,0.005142093411854937,0.9881117783925984,0.0021409710350313044
body,151,0.005900297588853798,0.0065877455025089545,0.9836951693263513,0.003816787582285896
meet,152,0.009570370785820074,0.02133482523807205,0.9264347962111545,0.04266000776495343
u,153,0.012295907603683437,0.011627557769465917,0.9694160949003195,0.006660439726530924
something,154,0.003543973393653631,0.005436696309731673,0.9620222185906669,0.02899711170594781
constant,155,0.000796830634895678,0.0013787851054257942,0.9964484122628838,0.0013759719967947669
something,156,0.0034740859609360348,0.005311258655425608,0.9628299999228191,0.02838465546081922
link,157,0.0048864973240019,0.010044946329777047,0.9806897234408446,0.004378832905376508
cause,158,0.001355011755345361,0.003665225709348235,0.9866471823171494,0.008332580218156948
variable,159,0.0015777016418116244,0.0013568387817322228,0.9965731984716271,0.000492261104829128
time,160,0.002622941845931873,0.00809727594177931,0.9747081330996195,0.014571649112669272
place,161,0.01169004620049624,0.021386589593634958,0.9548710530347926,0.012052311171076071
everyday,162,0.002791927115280869,0.0074997450400994675,0.9825528853414992,0.007155442503120516
life,163,0.005613949495615518,0.012266345249411795,0.9656210776114943,0.016498627643478377
speculate,164,0.0018348278477312583,0.009498949659803678,0.9765268142129567,0.01213940827950848
cause,165,0.0012931270391769393,0.0034784425832600566,0.9873671324953478,0.0078612978822152
gravity,166,0.0014202901368432106,0.0014420904629522553,0.9964589013707934,0.0006787180294111035
therefore,167,0.00022753087284122357,0.0012818536086953646,0.994500017909873,0.003990597608590425
become,168,0.0065508921338036236,0.017049228631406968,0.9534778483772105,0.02292203085757898
conscious,169,0.0005944420627635733,0.0021264489725431224,0.9910813186586704,0.006197790306022832
character,170,0.004286024833561404,0.006522041775773352,0.9807620614386641,0.00842987195200118
action,171,0.0012448622842038245,0.004287763979327994,0.9864896980955544,0.007977675640913805
distance,172,0.0038478135561731963,0.005977660433950179,0.9871036287489645,0.0030708972609121104
newton,173,0.00808731503734973,0.008162130319069176,0.979065315120214,0.0046852395233671455
theory,174,5.851511402624885e-05,0.00033012640046644275,0.999402556782603,0.00020880170290427872
gravitation,175,0.00016162474262833014,0.0003321722759016483,0.9992584842200514,0.000247718761418551
first,176,0.007434933442821236,0.016916223732869246,0.9641573163534422,0.01149152647086739
assign,177,0.0005280499891110196,0.004376835782064216,0.9865205371577924,0.008574577071032393
cause,178,0.0013032547280015675,0.0035122823522209614,0.9873461584655041,0.007838304454273406
gravity,179,0.001417479906290967,0.0014320969532077303,0.9964852112178071,0.0006652119226941212
interpret,180,0.0003437205229984925,0.002924739060777906,0.9922508391485154,0.004480701267708048
action,181,0.0012855650580085067,0.004430210214072199,0.9860757447753713,0.00820847995254787
distance,182,0.004026774500387635,0.00627569321859093,0.986486017168384,0.0032115151126373516
proceeding,183,0.002666398195427305,0.00878140230353964,0.9784867044755358,0.010065495025497207
mass,184,0.002510902890730647,0.005974819896581062,0.9888952523474044,0.0026190248652838916
newton,185,0.008478382871368047,0.008594211749194967,0.9780095874218214,0.004917817957615487
theory,186,6.207934683374349e-05,0.00035226029059541255,0.9993633672684434,0.00022229309412729215
probably,187,0.010337449438206808,0.023289079829073026,0.9554287601054487,0.010944710627271445
great,188,0.01587319188755543,0.02407554956809289,0.9416506744107733,0.018400584133578406
stride,189,0.01758869013378519,0.009541900679599365,0.9649653213750845,0.007904087811530814
ever,190,0.005620754802796337,0.015022339647266375,0.9486079053734029,0.030749000176534317
make,191,0.004916867634082242,0.018557489720799993,0.9462766690007156,0.03024897364440217
effort,192,0.0015620757784702332,0.007918201471158893,0.9717699399971856,0.018749782753185333
towards,193,0.007756330388381524,0.013728181829727347,0.9650302262218322,0.01348526156005892
causal,194,0.00016705612366784824,0.0003960067977229586,0.9989980180345069,0.00043891904410222075
nexus,195,0.0032929809328546165,0.005564337045682159,0.9873137204921875,0.003828961529275736
natural,196,0.003872511782474251,0.006454934597151442,0.9872879889553272,0.0023845646650470604
phenomenon,197,0.00041263264192153927,0.0011996762424245487,0.9976797978966903,0.0007078932189635466
yet,198,0.0020190220378899465,0.0059892498725941205,0.9764395583118752,0.01555216977764083
theory,199,6.212512365308409e-05,0.00035224078300948405,0.9993623618556053,0.00022327223773216018
evoke,200,0.0051970479035719774,0.009956049354810915,0.9794196085835342,0.005427294158082865
lively,201,0.019644388358777864,0.01739969073710791,0.9513331469164317,0.011622773987682588
sense,202,0.0005533575973868737,0.0014594358209776114,0.9950148939143081,0.002972312667327456
discomfort,203,0.002679065866657206,0.005081354019047804,0.9814053567798563,0.010834223334438646
among,204,0.008021005686053217,0.028605073396367198,0.946447385092131,0.016926535825448546
newton,205,0.008755657513927316,0.008726112297703177,0.9775785353140392,0.0049396948743303986
contemporary,206,0.0035635395419130636,0.016073888190118384,0.975739278764032,0.004623293503936571
seem,207,0.0021503698847895824,0.0054730398641949654,0.9785329432735077,0.01384364697750776
conflict,208,0.0010330652196131529,0.005020798607787482,0.9781443178463823,0.01580181832621703
principle,209,4.96297006242417e-05,0.00030145272718370205,0.9989781528195973,0.0006707647525947468
spring,210,0.09481843947918692,0.0341863570463452,0.8602255214318718,0.0107696820425962
rest,211,0.012953392597943042,0.021064177628769647,0.9453013240059199,0.020681105767367328
experience,212,0.0009355295350951231,0.004584203980747897,0.9885404533374637,0.0059398131466934555
reciprocal,213,0.0003882017259390527,0.001325675623344338,0.996566301571123,0.0017198210795934942
action,214,0.00136919180477633,0.004659701671012957,0.9852313834301423,0.008739723094068503
contact,215,0.003152866765928401,0.008165418380305135,0.9832308595482482,0.005450855305518224
immediate,216,0.0017611436255730072,0.00596929740883713,0.9791599124479478,0.013109646517642161
action,217,0.0013509521632396832,0.0045795270860293285,0.9854238113767293,0.008645709374001562
distance,218,0.004196232681611439,0.006424172817163125,0.986041891824174,0.0033377026770514888
reluctance,219,0.0007753694049299144,0.003649830643684036,0.9759223968165961,0.01965240313478987
man,220,0.020187856470703883,0.022269398110382855,0.9115073098521792,0.04603543556673388
desire,221,0.0017173978654158363,0.004003939313705366,0.9691492111755282,0.025129451645350683
knowledge,222,0.00035340944322657513,0.002270206141953182,0.9946171453098943,0.002759239104925934
endures,223,0.006817959738356666,0.011931851983492104,0.9585214076403002,0.022728780637850894
dualism,224,0.00023541651990920018,0.0007291504674262478,0.9978144653642641,0.0012209676484004849
kind,225,0.002690502185472414,0.004300970611818524,0.9859258089574491,0.0070827182452599955
unity,226,0.0013098626416406503,0.003803780835182022,0.9879462909115462,0.006940065611631187
preserve,227,0.004064353412481089,0.01718410994072971,0.9682534250202726,0.010498111626516624
comprehension,228,0.00031136139358185246,0.0013425893312595295,0.9961642305049059,0.002181818770252646
force,229,0.0021383279407034723,0.005707941464092156,0.982681182717437,0.009472547877767355
nature,230,0.0013686906949600351,0.0030887885462923693,0.9930635729605148,0.0024789477982328496
either,231,0.004874306429994755,0.0069154280448383496,0.9803124172139579,0.007897848311208893
try,232,0.0060108707791702,0.01323744715170549,0.9208668266624196,0.059884855406704636
look,233,0.01994785672068622,0.016637487211361043,0.935995991929621,0.02741866413833176
upon,234,0.003640839349877207,0.008908137351853505,0.975107494122192,0.012343529176077266
contact,235,0.003266457640985899,0.008458903351653986,0.9827105253591053,0.005564113648254836
force,236,0.0023067622004582554,0.006063555453632559,0.9819253221343648,0.00970436021154446
distant,237,0.009426819545848408,0.010056603311767222,0.9730079337714788,0.007508643370905731
force,238,0.002339501000578609,0.006138598092835289,0.9817528321798381,0.00976906872674802
admittedly,239,0.0021669569745749995,0.006275902615348528,0.9787296247719272,0.012827515638149394
observable,240,0.00017268721821000454,0.000449923965836402,0.9990082270708581,0.00036916174509538075
small,241,0.09266223309890409,0.035305858555839426,0.8657973759848117,0.0062345323604448815
road,242,0.04406425096452154,0.04767780311409173,0.8912130641213384,0.017044881800048376
newton,243,0.00949616735408515,0.009424654239002205,0.975746020529347,0.005333157877565621
follower,244,0.0028149791142814753,0.0061249488017598485,0.9834957213082711,0.007564350775687644
entirely,245,0.005130490644437774,0.009404136892365834,0.979069442448693,0.006395930014503538
spell,246,0.022221877831539047,0.023208709066494745,0.9356276248789168,0.018941788223049438
doctrine,247,0.000280599818056639,0.0015939127345894497,0.994866392711668,0.0032590947356859632
mostly,248,0.028634416353510356,0.03580625553596984,0.9275951220907047,0.007964206019815063
prefer,249,0.010216483037059895,0.014480992684235397,0.9581658606212489,0.01713666365745585
take,250,0.006835472300112279,0.014525709391145248,0.9334440978534783,0.04519472045526416
assume,251,0.0003571250126921344,0.00199679660813956,0.9891850871162045,0.008460991262963777
newtonian,252,0.00016706067277723723,0.0003906801725206561,0.999172457002916,0.0002698021517860411
action,253,0.0013073716745071197,0.0044872665175936235,0.9858579539750016,0.008347407832897674
distance,254,0.004059244524821152,0.006298989640847752,0.9864020611020577,0.0032397047322733335
apparently,255,0.0036038311199627113,0.009624315284726499,0.9709101304490234,0.015861723146287393
immediate,256,0.0016893329692893155,0.005795781925884936,0.979924475593058,0.0125904095117678
action,257,0.0012670371462030435,0.004346572088146726,0.9862730217478123,0.008113369017838
distance,258,0.003988259306241872,0.006178358638817372,0.9866615512552104,0.003171830799730325
truth,259,0.00151776429992,0.003037830209055541,0.9822554160688861,0.013188989422138286
convey,260,0.0011225757330391806,0.00479214545240107,0.987149638630351,0.006935640184208798
medium,261,0.010368531035400712,0.009226887868600753,0.9779380475548359,0.0024665335411625296
permeate,262,0.001971327968705005,0.004215481118894111,0.9916764908328589,0.0021367000795419
space,263,0.0018686298447742986,0.0032508710707862872,0.9936282830297782,0.0012522160546612844
whether,264,0.0004559310708376343,0.0024445069353277813,0.9874919694788412,0.009607592514993312
movement,265,0.0016976372943656819,0.0058600052017508085,0.9877385217614616,0.004703835742421992
elastic,266,0.002350391729080926,0.0018168069326348587,0.9952035638742752,0.0006292374640089602
deformation,267,0.0009797139400043473,0.0016862608934773392,0.9968142376162559,0.0005197875502625625
medium,268,0.012670000900135979,0.011390403928918831,0.9725032888064012,0.003436306364543977
thus,269,0.0009300340388704926,0.0034865179315395644,0.987175133796616,0.008408314232973932
endeavour,270,0.010501837365881924,0.017633214859404125,0.9528915437473376,0.018973404027376323
toward,271,0.009760737191182239,0.02019915278452978,0.9302436322228842,0.03979647780140392
unified,272,0.004100641607367292,0.01287614540464639,0.9616436743680042,0.021379538619982
view,273,0.009450013992898089,0.01779301913138349,0.9331702557783914,0.039586711097326914
nature,274,0.005081252163255711,0.011776437668892829,0.9506510873522759,0.032491222815575635
force,275,0.008352311618968279,0.02285991282303527,0.8084359180957882,0.16035185746220823
lead,276,0.03941493638550006,0.0502548092709393,0.6240471046231866,0.2862831497203741
hypothesis,277,0.0018337720655791068,0.008446387301123811,0.9586922708267578,0.03102756980653918
ether,278,0.011244687396293787,0.01657321278245995,0.8962369670053218,0.07594513281592453
government,279,0.005152143797680401,0.0259508079919814,0.14352753777444846,0.8253695104358898
mode,280,0.01582587250188548,0.027990515779071,0.6817247317006682,0.2744588800183754
people,281,0.013527106999931154,0.04621047960199725,0.08088492434424437,0.8593774890538273
choose,282,0.0042163378845859155,0.011630517274700086,0.0750941485496138,0.9090589962911002
execute,283,0.002248714685023101,0.011751457232906616,0.04870698777202002,0.9372928403100503
equally,284,0.006566102985564118,0.01360575252536825,0.0856678296158979,0.8941603148731697
liable,285,0.002487404513979727,0.006610550345982204,0.022113680324986076,0.968788364815052
abuse,286,0.002377262689791015,0.007594818564239885,0.013600790653599199,0.97642712809237
perverted,287,0.002735977114227551,0.003309671690438851,0.007654022884108584,0.9863003283112252
people,288,0.0033293619605872233,0.011389867191157503,0.004440051304825175,0.9808407195434301
act,289,0.001997589651310379,0.006935452081888506,0.006123475416837726,0.9849434828499635
witness,290,0.0011080751058468548,0.0033295002558614353,0.002344747003634355,0.9932176776346574
present,291,0.009388635001933083,0.015254310624843065,0.007775804493978259,0.9675812498792457
mexican,292,0.009345062185618577,0.015562225427291116,0.003966325113924272,0.9711263872731661
war,293,0.0015645304251195949,0.004815878176063573,0.0020984207581253855,0.9915211706406916
work,294,0.0015272378566766956,0.012235076431121402,0.0089771655013169,0.977260520210885
comparatively,295,0.009391337081828153,0.015323506830561377,0.0120139756800465,0.963271180407564
individual,296,0.003421455808179404,0.008261215874440968,0.010914006599270009,0.9774033217181096
use,297,0.002822414248584737,0.0195447623099268,0.014500651792770106,0.9631321716487183
stand,298,0.004621342957287347,0.0042697652034569935,0.0010795451394753342,0.9900293466997803
government,299,0.0004909595592163309,0.0024442114248559754,0.0011862408232097145,0.9958785881927179
tool,300,0.004459298445633515,0.01659994024615052,0.022991575168604308,0.9559491861396116
outset,301,0.0008824649654051339,0.003060335534690316,0.004901154369170822,0.9911560451307337
people,302,0.0019784713477937216,0.006696259257914138,0.0016372069907378518,0.9896880624035543
would,303,0.0005972058876826245,0.0015402466682908863,0.0013685352450854506,0.996494012198941
consent,304,0.00037112049256070485,0.0014512989965291788,0.0021645579227170626,0.9960130225881931
measure,305,0.0031870583885797955,0.006968961506165149,0.038749518315571524,0.9510944617896836
american,306,0.00617991346117084,0.015993694657542922,0.004057308824740171,0.9737690830565461
tradition,307,0.004188107239568578,0.019517269850579468,0.008972766238524102,0.967321856671328
though,308,0.0015101064912654107,0.004117317027851025,0.002804180880036464,0.9915683956008471
recent,309,0.005444883849845481,0.018760101082779163,0.010037006505537658,0.9657580085618377
one,310,0.0053401054104613216,0.008907323434305475,0.004101663534186956,0.9816509076210462
endeavor,311,0.0008937716313010795,0.004122318782804128,0.006158777417167142,0.9888251321687277
transmit,312,0.003831906738730481,0.008889482359371644,0.013591300010165206,0.9736873108917327
unimpaired,313,0.0014871258322594321,0.004987635723396212,0.009903042009639849,0.9836221964347045
posterity,314,0.0008465374363253129,0.003640759118748538,0.00175804587675893,0.9937546575681673
instant,315,0.004751350292342576,0.007429586309516968,0.01085411732904759,0.9769649460690928
losing,316,0.003593580868458775,0.0035974679646447846,0.001326823274221745,0.9914821278926748
integrity,317,0.0008974093244246974,0.003601827813139324,0.007054710986290397,0.9884460518761455
vitality,318,0.004868144743560065,0.00866129357448474,0.009597020905409585,0.9768735407765455
force,319,0.0018384919391433749,0.004858228625925627,0.006707805782946026,0.9865954736519851
single,320,0.021058942931192214,0.012661902540745855,0.00783275607272821,0.9584463984553336
living,321,0.007017966946359013,0.014953128538876866,0.0033766408761920037,0.9746522636385722
man,322,0.0035535942091112255,0.00396021214733399,0.0012822722878864164,0.9912039213556684
single,323,0.022075443018978267,0.013390315248193474,0.008290849758367365,0.956243391974461
man,324,0.00373937321650451,0.004177728967500861,0.001396529162719814,0.9906863686532749
bend,325,0.038588469719461775,0.01751231144646009,0.006002885698025466,0.9378963331360526
less,326,0.009727212761431663,0.009061445029256798,0.011196769097412879,0.9700145731118986
necessary,327,0.0009649418600002902,0.004556020701512489,0.02360786837569583,0.9708711690627914
people,328,0.0029244990298935747,0.009812416139612574,0.00326632590087364,0.9839967589296202
must,329,0.0013068559102085773,0.0032589565279358746,0.014021208304141731,0.9814129792577139
complicate,330,0.0024989589675805893,0.009812511953606757,0.02131207694211777,0.9663764521366949
machinery,331,0.021347591489122474,0.05378920033505417,0.04917294417673819,0.8756902639990851
hear,332,0.001851548476037725,0.0036506500851158407,0.004641945355740752,0.9898558560831057
din,333,0.018833767189509458,0.0313323703097662,0.040235681242931386,0.9095981812577929
satisfy,334,0.0012422638080930534,0.007380403020854905,0.13553532241929775,0.8558420107517544
idea,335,0.003308717669597409,0.015209578566335936,0.24390563311984342,0.7375760706442233
government,336,0.0028006677585725977,0.014416021528695857,0.03479126768243965,0.9479920430302919
hypothesis,337,0.004247019790733686,0.020046241578639233,0.7800018297408049,0.19570490888982217
sure,338,0.004590068371819718,0.010289338270101802,0.07661650993242773,0.9085040834256507
first,339,0.03254767463929328,0.07791676526114383,0.29955055918434303,0.5899850009152199
bring,340,0.009176916788001224,0.03387550323690242,0.16017147833104783,0.7967761016440487
advance,341,0.013202056168291698,0.05242754203197968,0.4379497419203953,0.49642065987933337
theory,342,0.0004686620974616712,0.0027768930161599873,0.9855382511968653,0.011216193689512967
gravitation,343,0.0010118631819169032,0.0021878773587477663,0.9886391585534203,0.008161100905915004
physic,344,0.03166570725740801,0.03285794828431796,0.8784473559464807,0.05702898851179313
generally,345,0.016127355247749078,0.02806144478869982,0.9049104086411512,0.050900791322399955
become,346,0.01678130838467736,0.04523771576352229,0.7778983377119164,0.16008263813988405
customary,347,0.0047381489128975485,0.01994276094937088,0.927876708875255,0.047442381262476546
treat,348,0.010712856234319364,0.027064453342156642,0.8846675734768096,0.07755511694671448
newton,349,0.015854558265770157,0.016620431983819874,0.9519005703073935,0.01562443944301656
law,350,0.0018220441909637746,0.006698615365596757,0.9613711427664793,0.03010819767696008
force,351,0.002712875710897407,0.007399906706881687,0.975702707060695,0.014184510521525891
axiom,352,0.0002577747236670746,0.0006484586626587347,0.9981337507478195,0.0009600158658546916
reducible,353,0.00014045942249771415,0.0003464248898336996,0.999019735832527,0.0004933798551416419
ether,354,0.0013880104094491574,0.0020180568700622157,0.9955271046830407,0.0010668280374477473
hypothesis,355,0.0002597626606781195,0.0011856574780918585,0.9979253031226805,0.0006292767385495346
bound,356,0.010345462958105121,0.012479536893013855,0.967628969457692,0.009546030691189093
always,357,0.003593057931414441,0.004683641325647204,0.9747114937217713,0.017011807021166888
play,358,0.015169665933364662,0.02218732889892493,0.9384955103890542,0.02414749477865613
part,359,0.0060900978800326345,0.017187040791438256,0.9685723560922797,0.008150505236249515
physical,360,0.0003894170211651541,0.0015777080120886124,0.9965201431506024,0.0015127318161437726
science,361,0.001514588095458446,0.0052931108039787865,0.990833593996326,0.00235870710423673
even,362,0.0030688285788662015,0.008743146293817816,0.9690861269338036,0.019101898193512372
first,363,0.00794849541605154,0.018325145459107312,0.9614793228593322,0.012247036265508788
latent,364,0.0012025352214306703,0.0015404311749578252,0.9958883809258436,0.0013686526777678123
part,365,0.006072953136356904,0.0171182420683281,0.9687520901787696,0.008056714616545372
first,366,0.008074231489882878,0.01859658679306289,0.9609158492656655,0.012413332451388691
half,367,0.025383141715883052,0.01957600048500076,0.9422986490030828,0.012742208796033263
nineteenth,368,0.007534992578591272,0.026549641733059605,0.958686493053714,0.007228872634635137
century,369,0.008550748077777734,0.029294309671917772,0.953512436316491,0.008642505933813436
farreaching,370,0.00026239803463246856,0.0012779401787982375,0.9930903596206994,0.005369302165870023
similarity,371,0.0011625246001881152,0.002370544307088605,0.9953931053881536,0.0010738257045695735
reveal,372,0.003446022376001606,0.008159650944875698,0.9776393273427069,0.010754999336415992
subsists,373,0.004938438573115469,0.006298538994329709,0.9842098827403873,0.004553139692167535
property,374,0.0023034698633551632,0.008682766224336402,0.9794864742268543,0.009527289685454144
light,375,0.016987749724418785,0.009048394875283174,0.97097643099535,0.002987424404947922
elastic,376,0.00210308877560645,0.0016060970730513277,0.9958010703807479,0.0004897437705942629
wave,377,0.0037339930627734064,0.004321480005832487,0.9897692022496042,0.0021753246817897134
ponderable,378,0.0005260226218672167,0.000729372119200857,0.9977946249231822,0.0009499803357498183
body,379,0.00579427874500483,0.006334724028981725,0.9842446506886089,0.0036263465374045934
ether,380,0.0012014602668620545,0.0016904061872592344,0.9962711761681022,0.0008369573777765015
hypothesis,381,0.00023148815025036861,0.0010197915543798328,0.9982383537161953,0.00051036657917456
find,382,0.004970233075771595,0.011252800380527457,0.9576760454517003,0.026100921092000635
fresh,383,0.05354128885850722,0.025077861550602654,0.908570378666677,0.012810470924213105
support,384,0.002277377146071006,0.00963975581447702,0.97221752907049,0.01586533796896203
appear,385,0.010749786585466124,0.012615948111847193,0.9643095590281587,0.01232470627452794
beyond,386,0.005293805712349882,0.007948457531007995,0.9798881251838134,0.006869611572828745
question,387,0.0005045714669108908,0.002442066514394529,0.9871345677423428,0.009918794276351799
light,388,0.016257173769562067,0.008540453346654174,0.9723410713557206,0.002861301528063159
must,389,0.0010517964584137107,0.0025397961289284465,0.9864851286945956,0.009923278718062402
interpret,390,0.00034957414860209375,0.002934150708632325,0.9922168459282199,0.004499429214545624
vibratory,391,0.0028462136788694513,0.003210626510561479,0.9928725523620012,0.001070607448567914
process,392,0.0005429520349820453,0.002190482010689952,0.9955034015592369,0.0017631643950912752
elastic,393,0.0020192127639592676,0.001527756027423352,0.9959818095230729,0.00047122168554450053
inert,394,0.001274838958828136,0.0019150208402269294,0.9956409820832303,0.0011691581177147039
medium,395,0.010327630183430673,0.009109889820029833,0.9781591280948174,0.002403351901722003
fill,396,0.01420097806050227,0.017144344525610235,0.9568212729014984,0.011833404512388963
universal,397,0.0009881834511880944,0.002178677565181165,0.9939652773102869,0.0028678616733436974
space,398,0.0017954847881802736,0.003079438976435648,0.9939656864560477,0.001159389779336501
also,399,0.00807300208886567,0.018621744420295468,0.9639954066874608,0.009309846803378142
seem,400,0.001983491135026918,0.005056295161023005,0.9801495117978702,0.012810701906079866
necessary,401,0.00041066926109636134,0.0019057984190697394,0.9930863987963955,0.0045971335234384555
consequence,402,0.00021090766600991533,0.001188752892775089,0.9957693858061016,0.0028309536351133523
fact,403,0.0005647878445914832,0.0021958625955691966,0.991901023587865,0.0053383259719742004
light,404,0.01675327862385863,0.008807925144079309,0.9714759877588286,0.002962808473233492
capable,405,0.003022109916366409,0.004280584066783387,0.9889956525100668,0.003701653506783295
polarisation,406,0.0006361973644729579,0.0013342290353759842,0.996939271563197,0.0010903020369540145
medium,407,0.011719560713180482,0.010290373035335022,0.9751380894994873,0.002851976751997145
ether,408,0.0016255213600240954,0.002302142449278926,0.9946318980994989,0.0014404380911979806
must,409,0.001669511270884674,0.004070814926419812,0.971473585409512,0.022786088393183558
nature,410,0.002440524249832572,0.0054865032831377895,0.9851673696625122,0.0069056028045174495
solid,411,0.013265283988871418,0.010712519343203677,0.9673770487597315,0.008645147908193302
body,412,0.01577686044915695,0.01753725765799195,0.9418565486787127,0.024829333214138397
transverse,413,0.04024207582731407,0.016285530090463525,0.9347586240497539,0.00871377003246846
wave,414,0.015629921878202946,0.018368373932812765,0.9297361316785953,0.036265572510389116
possible,415,0.003146551540239415,0.012602233508434093,0.8993852498154196,0.08486596513590684
fluid,416,0.005945007222177354,0.009234020419626222,0.9660971752897379,0.01872379706845849
solid,417,0.044119942708114826,0.036128886745123816,0.8030599896033872,0.11669118094337415
government,418,0.005798595736036803,0.02869391516221228,0.1781226225789618,0.787384866522789
show,419,0.05027716060671344,0.07475567797918763,0.31131039862837273,0.5636567627857262
thus,420,0.005229009621918408,0.019597209156018827,0.4694143169020283,0.5057594643200344
successfully,421,0.014799112513667436,0.037906941286360615,0.12836281274373323,0.8189311334562387
men,422,0.009958437036036851,0.02370618773204272,0.02586889110740003,0.9404664841245205
impose,423,0.0009917924442078764,0.007533091210358328,0.05519709238127598,0.9362780239641577
upon,424,0.0073208150222695,0.018617417527693445,0.05266135822446347,0.9214004092255736
even,425,0.0033486738236993613,0.009671665000239974,0.021251000294136103,0.9657286608819245
impose,426,0.0005101743603471301,0.003894328282561663,0.01460111327397105,0.9809943840831201
advantage,427,0.003553751912032164,0.010610436761949726,0.02582057332454537,0.9600152380014727
yet,428,0.001426841382235253,0.004319534647416874,0.0074317152101690065,0.986821908760179
