token,id,G1,G2,G3,G4
abandon,1,0.05614025090424597,0.890100630447684,0.011169971347635935,0.0425891473004342
abbey,2,0.00497088998404389,0.003627150370462021,0.9882627197420261,0.003139239903468112
aberration,3,0.0009452183075718729,0.99722162588685,0.0014217059332534846,0.00041144987232469955
able,4,0.01947690921575201,0.019606623901686555,0.31824522861705107,0.6426712382655103
abolished,5,0.9977967906098872,0.0010867242719586486,0.0007186830396447926,0.0003978020785093136
abolition,6,0.9978869511056085,0.0012080810678727595,0.0005356403402583078,0.0003693274862604148
absence,7,0.004867171705472593,0.9897545756633227,0.0028300193724300907,0.002548233258774598
absolute,8,0.19766573829763923,0.7993848799208477,0.0017096944878942813,0.0012396872936187963
absolutely,9,0.006837738077605747,0.005318751542795492,0.9739245066383909,0.013919003741207886
abstraction,10,0.002693020585653216,0.9825082887040752,0.0097124095742566,0.005086281136014975
absurd,11,0.00991590158417867,0.006377429605578597,0.9712080046480259,0.012498664162216766
abuse,12,0.9934628053416371,0.001800934084897653,0.0021513958242066443,0.002584864749258603
acceleration,13,0.000491651583049629,0.9986188382957015,0.0005480265443866619,0.0003414835768622
accept,14,0.26642946034493353,0.4570276816589366,0.002836392183462531,0.2737064658126673
accompanies,15,0.004593891874916202,0.003829343506082793,0.007087785371806745,0.9844889792471941
accompaniment,16,0.0022934906819206463,0.002453933907974958,0.9925119139045957,0.0027406615055086793
accomplish,17,0.9829325446181596,0.0064460249587358805,0.002850848824785636,0.007770581598318727
accord,18,0.01870813017919144,0.8149146258555958,0.005481652911194069,0.1608955910540187
accordingly,19,0.014684360733087255,0.9782632206916178,0.0028273344212952855,0.004225084153999765
accurate,20,0.010857311874965261,0.03771148334414789,0.016556161787291895,0.934875042993595
accuse,21,0.01041092138224327,0.0008642232039286245,0.0012071120574395353,0.9875177433563885
accustom,22,0.5264435855444303,0.30515146624204204,0.027618764038987498,0.14078618417454017
achieve,23,0.005841261524621704,0.9876248554691183,0.002559460080270877,0.003974422925989059
acquire,24,0.04053716181063951,0.4220795004194093,0.010896845550996327,0.526486492218955
acquires,25,0.0063335950664719755,0.9829841454181687,0.007404936571793461,0.0032773229435658574
across,26,0.00863812469982157,0.007408204878471713,0.5063963233035148,0.4775573471181919
act,27,0.756598006601482,0.005100353222452904,0.004672250432119286,0.23362938974394573
action,28,0.1728702530230773,0.7424929621436838,0.06572970408413718,0.018907080749101815
activity,29,0.0034360762098590877,0.9933167848331329,0.0023564039839106036,0.000890734973097464
adapt,30,0.00891764757075425,0.9705377123370262,0.008038616790730042,0.012506023301489531
adaptation,31,0.0052227650284873165,0.9793498811252596,0.01154356048146466,0.0038837933647884472
add,32,0.006293294918928995,0.973727760907016,0.00866344730893278,0.011315496865122315
addition,33,0.0037814596375986345,0.9896472953333516,0.00419759191184316,0.002373653117206611
address,34,0.02794021137134092,0.9349118162165655,0.010267224809684691,0.026880747602408828
adduce,35,0.009116440061308675,0.9866382103648806,0.0012715938467698284,0.002973755727040821
adjoin,36,0.01244419581231007,0.01916487468140086,0.023516383829875476,0.9448745456764136
admirable,37,0.983164232823945,0.002257527609110517,0.009735603108336505,0.004842636458607974
admit,38,0.351742936226384,0.26244280448223506,0.005119433177962814,0.38069482611341804
admittedly,39,0.012942324483271957,0.9444262125625388,0.015644316378730695,0.026987146575458545
ado,40,0.9827652983579428,0.003733961581008862,0.006808828642643544,0.00669191141840475
adopt,41,0.9924603764466658,0.0027026506356081616,0.0012728435101197217,0.0035641294076063194
advance,42,0.01954458366860952,0.9610780131983452,0.007315799657555854,0.012061603475489381
advantage,43,0.9834703955453503,0.008296953823211712,0.003658784566224287,0.004573866065213606
advice,44,0.010367473761036961,0.0020681838294667985,0.0031380248786619354,0.9844263175308344
affectation,45,0.010139931628983885,0.00537962214333907,0.01250282235840299,0.971977623869274
afford,46,0.031188612129580122,0.9169311635153734,0.010105657874812412,0.04177456648023402
afraid,47,0.004155842507946285,0.00034079143166111105,0.0036676717353860233,0.9918356943250066
afterward,48,0.009546135638377124,0.001367092559273853,0.003958495892257163,0.9851282759100918
afterwards,49,0.05601272649473033,0.042554606473887,0.7997490401404572,0.10168362689092551
age,50,0.006098528561422849,0.004270910005296187,0.9857259448339257,0.0039046165993550765
agent,51,0.9872426737792626,0.005000513948588986,0.0042328980384956786,0.003523914233652789
ago,52,0.005237011799164623,0.0026401306557715066,0.008600318953336447,0.9835225385917274
agree,53,0.49860700131445873,0.001859024087563296,0.0009879785827932195,0.4985459960151848
agriculture,54,0.992765389281001,0.002905141559338222,0.0035477453741579288,0.0007817237855027194
ah,55,0.00540872886096136,0.0024060004240904647,0.007211807855127731,0.9849734628598205
aid,56,0.9954688437633238,0.0016129256178582139,0.0011426895648488703,0.0017755410539693059
aim,57,0.014826911525876292,0.012612514262490524,0.9675308394428127,0.00502973476882046
air,58,0.01476838472092296,0.26762476312855693,0.6481394036345474,0.06946744851597283
alacrity,59,0.9881686303232595,0.0023822060246465947,0.005387700244436187,0.004061463407657703
alarm,60,0.00432087034044981,0.0030749565309226186,0.005603872124447849,0.9870003010041797
alive,61,0.016172019589388582,0.001750973873677311,0.9519462985540996,0.030130707982834497
allegiance,62,0.995850974057438,0.000915668699203023,0.001158476871481316,0.0020748803718776683
allow,63,0.04091181361367269,0.2801555938796267,0.332337451539028,0.34659514096767263
alluvion,64,0.001950222349961581,0.0073388130138020554,0.9890170948059548,0.0016938698302817583
almost,65,0.009540525701515168,0.4818765534117857,0.01599131304271354,0.4925916078439856
almshouses,66,0.9876057432205906,0.001965757471670559,0.008270851496213245,0.002157647811525756
alone,67,0.6663965219333554,0.3101049015166271,0.008160737056667975,0.015337839493349601
along,68,0.009701017744017297,0.47393358529006496,0.02386780359077509,0.4924975933751426
alongside,69,0.02141624257449507,0.9078851741608657,0.03569394521968787,0.0350046380449513
alps,70,0.002236989229227698,0.00207743482048521,0.9939387122120591,0.0017468637382280214
already,71,0.012034143196793452,0.0035232939503477036,0.24066081035731393,0.7437817524955449
also,72,0.19384022443550103,0.6416738299396572,0.10660466824934592,0.05788127737549586
alter,73,0.973381250110718,0.012532287700937172,0.007283334369906336,0.006803127818438482
alters,74,0.0008410755194446196,0.9963985537853874,0.0019507744332810002,0.0008095962618870191
although,75,0.013878058906005446,0.5748654607058121,0.20095868595240454,0.21029779443577787
always,76,0.007978669499378284,0.13700477431736255,0.038719295919798336,0.8162972602634608
amaze,77,0.0033039921271282393,0.0012721957907734342,0.005680288130824573,0.9897435239512737
amenable,78,0.0026424881311392077,0.9957508037007982,0.0007968379196659741,0.0008098702483967103
amend,79,0.9969924335341931,0.00149176892737194,0.0005495122443303196,0.0009662852941045684
america,80,0.33830052472873035,0.002852258079874224,0.6543593637987329,0.004487853392662587
american,81,0.9396792194716864,0.005880538427345515,0.04825792106968422,0.00618232103128388
among,82,0.10696267750651084,0.36790686136760226,0.5097459398026534,0.015384521323233527
amount,83,0.6111385392587075,0.08307420269168406,0.033047763692591416,0.272739494357017
anatomy,84,0.001820919948249604,0.4977184033770436,0.4987984504721513,0.001662226202555456
anger,85,0.00649038238156906,0.0010070434436432278,0.0037884632115297717,0.9887141109632579
angle,86,0.002606809397598026,0.6592789044997821,0.33425813349272215,0.0038561526098976943
animal,87,0.007495080683822192,0.9712088119068953,0.017399088055649777,0.0038970193536326365
annoyed,88,0.0020177116441546777,0.00036278493505794893,0.001447124136937635,0.9961723792838497
another,89,0.13065756034314285,0.4757966325965265,0.136292349432648,0.2572534576276826
answer,90,0.007985645165952756,0.018964883076210696,0.003497585695343922,0.9695518860624927
anxious,91,0.05099624762529442,0.7999878763165843,0.026818533824977522,0.12219734223314371
anyone,92,0.49329591705506043,0.0006952787549239919,0.0019242438853260143,0.5040845603046895
anything,93,0.2370496579584775,0.21259249003857955,0.007421318964326497,0.5429365330386164
anyway,94,0.0010775333927151706,0.0001480467105738174,0.0006182133468621357,0.9981562065498489
anywhere,95,0.006776918890181845,0.0027858198644054974,0.978395829355448,0.01204143188996459
apart,96,0.010007110643281348,0.013811860230493666,0.014379172686830036,0.9618018564393949
apparent,97,0.035923273496438486,0.37281677748433345,0.571084947813721,0.020175001205507078
apparently,98,0.016211782034128874,0.9520905646019583,0.0118066124083107,0.01989104095560212
appear,99,0.1663494062195318,0.7233435833862515,0.09231998326469996,0.01798702712951696
appertaining,100,0.13351857428478928,0.4085728929162163,0.42802253151332265,0.02988600128567176
applaud,101,0.9809694535968285,0.0006223665231627848,0.002725903708186899,0.015682276171821753
applicable,102,0.383547149902814,0.6029579604085268,0.008443025868244062,0.00505186382041499
application,103,0.036846695634971345,0.2586053395041949,0.6707325658655449,0.03381539899528881
apply,104,0.5017103043811261,0.4913960369947631,0.0026377377767270293,0.00425592084738388
appoint,105,0.12969647603546836,0.8278956095253077,0.008089511214744318,0.034318403224479634
approximately,106,0.008509497189000024,0.9775303625443087,0.010733070824102391,0.0032270694425889407
apt,107,0.0066566855927052155,0.005073742196263553,0.9821125203836792,0.006157051827351955
arch,108,0.002275452414668503,0.0015521568347265282,0.9944753675596973,0.0016970231909075161
argument,109,0.00402017212028462,0.9916602587517618,0.001446439094888165,0.0028731300330652743
arise,110,0.03817429989059611,0.16898323437064453,0.06045417855426324,0.7323882871844962
arises,111,0.031949752947046106,0.22015734852808672,0.05529136795945722,0.69260153056541
arm,112,0.2042611002082348,0.006069273224278042,0.3958564328347531,0.39381319373273416
armor,113,0.03363928783969169,0.013650098672440013,0.9447118656217828,0.00799874786608556
army,114,0.9962945277613471,0.001157577180297352,0.001580107202691819,0.0009677878556636198
around,115,0.005999205764694856,0.004036020622272089,0.014113115219192422,0.9758516583938407
arrangement,116,0.00333634702386791,0.4988004369686156,0.49459937307771,0.003263842929806457
arrive,117,0.023416083821145,0.9015440458536826,0.012084424185272575,0.06295544613989983
art,118,0.012695573121599732,0.3465830959787764,0.5465352755471503,0.09418605535247355
artistic,119,0.0028196706318806496,0.0035926180754000743,0.9919845266079352,0.0016031846847840228
ascertain,120,0.00889754380580787,0.9824961231316163,0.002910773695136316,0.005695559367439581
ascribe,121,0.010998944716554259,0.9824762740217151,0.0022846623482404823,0.004240118913490277
ask,122,0.3363169501428225,0.001216246779967653,0.27751720799037444,0.3849495950868355
asleep,123,0.0010671233485344252,0.0004300427457026665,0.0032328900070910894,0.9952699438986718
aspect,124,0.002425028029557464,0.9925384516403004,0.0037968973398592775,0.0012396229902829103
assert,125,0.5031522652855268,0.49265625508210176,0.0011753934656751985,0.003016086166696303
assign,126,0.00899047556453649,0.9833959478363143,0.0021044318369309676,0.005509144762218197
assistant,127,0.008823905052274912,0.0045135717740146485,0.007076019864653418,0.9795865033090569
assume,128,0.02621054366791302,0.7692153473337044,0.0037200586989096724,0.20085405029947273
assumption,129,0.0025955437147004608,0.9951460440878198,0.0015633728271547413,0.0006950393703249484
assure,130,0.011522609003025345,0.0027176794341014603,0.0017962864633857777,0.9839634250994874
asymmetry,131,0.0004149421186056119,0.9983542284225102,0.000917733484252853,0.00031309597463121194
atom,132,0.0013214826596593349,0.9945907880450843,0.0029817026190967605,0.0011060266761596226
attempt,133,0.013002137244002029,0.00463302580793055,0.0038768859952113045,0.9784879509528561
attend,134,0.9914993869607621,0.001226562800414247,0.0019495737235663974,0.005324476515257309
attentively,135,0.03717096803869324,0.7776345555486952,0.1009608390134914,0.0842336373991202
aurora,136,0.0034793608659966415,0.005086563655715283,0.9885884889818025,0.0028455864964854975
authority,137,0.9971282492888547,0.001382913698042535,0.0009421126199500845,0.0005467243931526882
available,138,0.9742524006787137,0.011131525399117322,0.00917378349601165,0.005442290426157362
avoid,139,0.010783776185547026,0.3220229768203762,0.004881475339596511,0.6623117716544802
aware,140,0.006647436267607887,0.002960752267102784,0.0022751865181418573,0.9881166249471475
away,141,0.28404051493928734,0.2523797706813281,0.014553736580063509,0.44902597779932113
awkwardly,142,0.0012366053266973252,0.000780721365206871,0.003254268879585249,0.9947284044285105
awkwardness,143,0.028846194979495043,0.19760307296553398,0.7095866951785598,0.06396403687641114
axiom,144,0.001214921634122824,0.997225371494249,0.0010130656858605544,0.0005466411857676656
ay,145,0.9762371618800204,0.003747902359008127,0.01049156770361269,0.009523368057358775
bacchic,146,0.0023579307406017738,0.001932472429436669,0.9941940657747923,0.0015155310551693126
back,147,0.0665021368823233,0.05972255216761493,0.12499483108717085,0.7487804798628909
backgammon,148,0.0094150197166231,0.005958046439982062,0.015042322163206726,0.9695846116801881
background,149,0.001829984291091952,0.0037711821625247047,0.9925840042447296,0.0018148293016538022
bad,150,0.648197575821357,0.0015606350920008916,0.008212818990645104,0.3420289700959969
balance,151,0.011901795645829182,0.02623222961303429,0.01258887594503163,0.949277098796105
baltimore,152,0.9843131097155766,0.003723981888472394,0.008002705044937074,0.003960203351013767
bank,153,0.01085201466603418,0.0028501213883376907,0.9832391042007652,0.003058759744862862
base,154,0.9785906954120542,0.008758794897407258,0.009584752519385766,0.003065757171152652
bear,155,0.9742579285122223,0.0027447178424898013,0.015245545074439933,0.007751808570847925
bearer,156,0.02012073308059239,0.9615963305689856,0.012484628698688369,0.005798307651733516
beas,157,0.006390921858838039,0.005243674959558382,0.9852465919826396,0.003118811198963922
beautiful,158,0.00168942776358726,0.0004384956006653225,0.6777746863011891,0.32009739033455836
beautifully,159,0.0005723896500210325,0.0005003882761624409,0.9969458145583069,0.001981407515509439
beauty,160,0.011893555634587497,0.9307354046208002,0.05043369730983366,0.0069373424347788076
become,161,0.11463609726218482,0.2817917320501027,0.10256296418312996,0.5010092065045824
becomes,162,0.9776343056530286,0.006049731849551845,0.007630527947526606,0.00868543454989299
bed,163,0.00263492339816899,0.003487591921226075,0.254403171933118,0.7394743127474869
bedpost,164,0.004022888603767443,0.002354757329538403,0.05357579494774142,0.9400465591189527
beg,165,0.007135995124551547,0.0008651387731745322,0.003941778172313659,0.9880570879299602
begin,166,0.012482761720676855,0.011854661398905324,0.21402167967569122,0.7616408972047266
behave,167,0.9729326364073748,0.012936575575510758,0.004195209368556543,0.009935578648557947
behaviour,168,0.003682528696822624,0.9906775230067331,0.0029196495911042895,0.0027202987053401625
behold,169,0.7670574971559371,0.00745623375587068,0.17567973979900572,0.049806529289186524
believe,170,0.017027992572029745,0.4526647809777359,0.004198648081118142,0.5261085783691163
bellini,171,0.0014811309203248005,0.0012862910506152912,0.9951715330375912,0.002061044991468663
belly,172,0.0016612138789396033,0.0014083463213750477,0.5060522274695465,0.4908782123301388
belong,173,0.0659349785875258,0.5672277082473693,0.03901398810500452,0.3278233250601005
bend,174,0.32596924832641405,0.005009245836935411,0.014108493615624884,0.6549130122210256
benefactor,175,0.9945377795029752,0.0009178828628629226,0.002769270311423689,0.0017750673227380257
beneficial,176,0.007942582069547491,0.9871684592144706,0.0027773172563653995,0.002111641459616605
beside,177,0.007504937568384832,0.0036871590530032127,0.9347804104371338,0.0540274929414782
besides,178,0.008314678230456037,0.9750391546916685,0.010855140941516449,0.005791026136358883
best,179,0.41200806820921526,0.007656090423021522,0.30221850820070995,0.27811733316705334
bet,180,0.005275653547352637,0.0013957475400518805,0.005498216808412731,0.9878303821041828
beyond,181,0.006471882821323886,0.9747845555985202,0.01090101931173825,0.007842542268417801
bidding,182,0.9912512598706513,0.0015356358882759843,0.002736528843252219,0.0044765753978204224
big,183,0.0019520972688202307,0.0010729124357390565,0.5032444026838869,0.4937305876115538
bind,184,0.0053733445911601525,0.9892126666669792,0.002744329311247698,0.002669659430612853
bird,185,0.0024166768518003616,0.0015318098474757518,0.9928412035400376,0.0032103097606862073
bit,186,0.002839967638738197,0.0029652071922215096,0.7947787536258101,0.19941607154323018
bite,187,0.002539345631648493,0.0016390736206540002,0.9868017839628451,0.009019796784852216
black,188,0.044646613617734865,0.003238029452436806,0.9443505390283375,0.007764817901490865
blow,189,0.0027527918753686145,0.0009302140243749933,0.004170882548169677,0.9921461115520867
blue,190,0.0006040354812802267,0.0006544707076045116,0.9975774516354494,0.0011640421756657676
blush,191,0.9514835639935434,0.0033390815846851564,0.028959295631363572,0.01621805879040787
boa,192,0.002838326025584683,0.0013148256812749253,0.9936304028897477,0.002216445403392848
body,193,0.08183560634455557,0.5443692622073344,0.20946438665712772,0.16433074479098245
boldness,194,0.008755932003952107,0.0033402919590701675,0.9823089779476226,0.005594798089355129
bone,195,0.9550773438893732,0.009349834091321481,0.025845163144907684,0.009727658874397572
bony,196,0.002352412484216822,0.005422102655733033,0.98916780111042,0.003057683749630307
book,197,0.004410294161553612,0.0030493536562803325,0.9893467949298413,0.0031935572523246625
boot,198,0.005180492299574174,0.002630759542654359,0.014521611765992199,0.9776671363917793
borealis,199,0.0017877857367214602,0.0048378943566868265,0.9917593607610444,0.0016149591455472772
borne,200,0.9802457539038482,0.007248294840900392,0.009274799886481012,0.003231151368770514
bos,201,0.07137862929410478,0.021554454374333436,0.0389164507088156,0.8681504656227462
boss,202,0.003813600184707363,0.0007627166656233274,0.0047898006668343545,0.990633882482835
botticelli,203,0.0013261395738506357,0.0017870835537082163,0.9954706328014363,0.0014161440710048594
bottom,204,0.0009238489651013176,0.0014135102641216687,0.9952474547906989,0.002415185980078168
bounce,205,0.9061824231904498,0.011538847965544248,0.03237338716098555,0.049905341683020334
bound,206,0.011975600226804875,0.6531405696106883,0.009791639880793866,0.325092190281713
boundary,207,0.002590527208015635,0.9916056218794095,0.005061472444165821,0.0007423784684089204
branch,208,0.013249985417401036,0.9745498544859152,0.00848198149077893,0.0037181786059048614
breadth,209,0.004791074377609203,0.009865386116866057,0.981984300250113,0.003359239255411679
breakfast,210,0.012600365248812214,0.002084504550640783,0.018150619552884998,0.967164510647662
breathe,211,0.001499409926036593,0.0014525686837012404,0.005458650741537387,0.9915893706487248
breed,212,0.004263098015809148,0.0017412597296741679,0.9917650712780746,0.0022305709764420703
brilliant,213,0.008782999209514565,0.005923340596451734,0.10364675003176822,0.8816469101622655
bring,214,0.24588211563526366,0.3057117212365139,0.1544249968180877,0.2939811663101348
broad,215,0.48968212629508756,0.019248005815532297,0.028138294856772605,0.4629315730326076
brought,216,0.033541055561751756,0.9010456215863075,0.02169877515970767,0.04371454769223302
brown,217,0.0010977980686785506,0.000781367208083719,0.9962461584406028,0.0018746762826349905
bulk,218,0.011667810428724652,0.02202606545982637,0.961334417644331,0.00497170646711797
buried,219,0.004760521811033268,0.0018218456834931378,0.9899532658305451,0.0034643666749285856
burn,220,0.008286549371496404,0.003942445261246509,0.5459649569228331,0.441806048444424
bury,221,0.5046665920015574,0.00848221896651612,0.47120437262134107,0.015646816410585396
business,222,0.20887664560696612,0.0034788634361248073,0.007597727747018701,0.7800467632098903
buy,223,0.9794149869523757,0.000885701438740733,0.0036306620117210974,0.01606864959716244
call,224,0.2270158149031213,0.20029609709047705,0.006965935551455245,0.5657221524549463
calm,225,0.0033326416130223177,0.0012027591963615402,0.4980072568445824,0.4974573423460337
camel,226,0.0023072944164212444,0.0014033762068112782,0.9939931985046411,0.002296130872126501
candidate,227,0.9955625463537371,0.0015729640873900865,0.001407308622754938,0.0014571809361178635
cant,228,0.008522343824935179,0.0063860969584443135,0.01015448540316604,0.9749370738134545
capable,229,0.004004444777403971,0.9900974442265615,0.0035911141870110085,0.002306996809023484
captain,230,0.9891330921554363,0.0012877941420953798,0.004997552363899642,0.004581561338568778
care,231,0.012821120470593717,0.004183956898207312,0.6544857331822692,0.32850918944892976
career,232,0.01137467935558429,0.4759713001670629,0.01454543427629501,0.4981085862010578
careful,233,0.006371179665172521,0.48384582746539706,0.009905890702540589,0.49987710216688974
carefully,234,0.004845807282632081,0.004743719610037268,0.33505621961043813,0.6553542534968925
carelessly,235,0.0028872074443570678,0.0008388208104776685,0.004985838107627294,0.991288133637538
carpaccio,236,0.0009882219847981355,0.0008895520906818646,0.9971280262442053,0.000994199680314617
carpet,237,0.005414441124326967,0.004283020922645319,0.03944290763619857,0.9508596303168292
carried,238,0.00868966997716103,0.005118460984975647,0.9809809277233132,0.005210941314550034
carry,239,0.17532869364411374,0.48082148281986364,0.007611487997418206,0.3362383355386043
cart,240,0.0020394552321690382,0.0015998148737608683,0.9929510926842952,0.003409637209775005
carve,241,0.06317853010792163,0.00437271064435085,0.9079946783715345,0.02445408087619302
case,242,0.6452297510742404,0.10879811280819253,0.12229853866280356,0.12367359745476349
cast,243,0.0063665657273218774,0.0031229933769619535,0.014596127677105022,0.9759143132186111
catch,244,0.001962020077748264,0.0006577107694551716,0.0034911203919705536,0.9938891487608261
cattle,245,0.007096083758671249,0.0015363876283058717,0.9894092715150069,0.001958257098015947
caught,246,0.0032911708702949008,0.0007504307909083102,0.004675685604749373,0.9912827127340474
causal,247,0.0045726727138463525,0.9793807146235924,0.0035413033510062926,0.012505309311554877
causally,248,0.0010113778175155862,0.9979979542452679,0.000589240707295021,0.0004014272299215171
cause,249,0.010886042141787058,0.8226795507149666,0.00330409046415049,0.1631303166790958
cautious,250,0.007431615311326212,0.0019110685522864975,0.0028161815000666375,0.9878411346363206
cease,251,0.9932588098036091,0.0017414459683038775,0.0013736679432292574,0.003626076284857669
center,252,0.007022354192569128,0.9811294159579612,0.009137730372314891,0.0027104994771548208
century,253,0.03284245205979237,0.6463213521724761,0.3063778403933815,0.014458355374350003
certain,254,0.9820906965121333,0.011814900814859091,0.003604388846733542,0.002490013826274079
certainly,255,0.009058101234108782,0.1905172166204498,0.3905651127070402,0.4098595694384012
chain,256,0.003920157171905702,0.008279869017718476,0.9852590139399098,0.0025409598704660974
chance,257,0.9646093171968796,0.0032228986487632303,0.00804696753062357,0.02412081662373359
change,258,0.23148161084941654,0.38386340280254383,0.006240733970919497,0.37841425237712006
chaos,259,0.00856218041443839,0.011072074894963525,0.008777995575220679,0.9715877491153775
chapter,260,0.987119152240845,0.005430217183115803,0.005273194499272721,0.002177436076766534
character,261,0.40122146086889376,0.39543927019294123,0.08728015154410725,0.11605911739405772
characteristic,262,0.008014930561709023,0.8569369199957171,0.11109337540596917,0.023954774036604568
charge,263,0.006843302708289159,0.9881490917684201,0.002490013924019532,0.0025175915992711956
chastisement,264,0.026705021354836406,0.00416712663633065,0.9609431607999467,0.008184691208886291
cheap,265,0.005989814078359378,0.0029647859178059737,0.01115111954776331,0.9798942804560713
cheat,266,0.0815966996444153,0.002408211092669369,0.014773602086863732,0.9012214871760517
checker,267,0.005381368847644364,0.007050717313580729,0.020925771305529372,0.9666421425332455
cheer,268,0.002797788867309231,0.0002738702773906983,0.003886099758213968,0.9930422410970862
cheerful,269,0.9500116742592305,0.002321484819976048,0.025207707972171263,0.02245913294862226
chemical,270,0.005227181477751544,0.0228379715026088,0.9700678173360343,0.001867029683605355
chest,271,0.003927317864861691,0.0023888041856086565,0.016046770070494952,0.9776371078790348
chicken,272,0.003001143153031282,0.0011127797808336694,0.9926010320443033,0.0032850450218318943
chief,273,0.11491183316835922,0.015202193746179676,0.008837242021441965,0.861048731064019
chiefly,274,0.6599230330629909,0.32910763370122026,0.008881407178835087,0.0020879260569538235
child,275,0.3790057134935896,0.016053930330862488,0.03801889833302596,0.5669214578425221
childish,276,0.004540230378819891,0.002108778339943598,0.011024101504703548,0.982326889776533
choose,277,0.3422326332838302,0.004854971035017821,0.011320149485766299,0.6415922461953856
chorus,278,0.002513327318124065,0.0011133787326787713,0.9921233324687322,0.004249961480464908
chosen,279,0.010893933477013203,0.0037879810836364764,0.007362659896030188,0.97795542554332
church,280,0.9859991854236949,0.003035276692542509,0.008432523001097486,0.0025330148826652648
circumstance,281,0.01336928237439771,0.010016284700093291,0.006099736438260355,0.9705146964872488
citizen,282,0.7608273782234144,0.0018011463403334333,0.0030683406720123157,0.23430313476423986
civil,283,0.9869442567266752,0.0025719478223223844,0.003491886549176492,0.00699190890182587
claim,284,0.020362253160284484,0.007768291502046165,0.0031814619405398556,0.9686879933971295
class,285,0.4991443959386724,0.48111308536655134,0.012312897970361716,0.007429620724414513
clay,286,0.9474615262986129,0.005684700662277082,0.03999281334040914,0.0068609596987009
clean,287,0.0024698257537623895,0.0012187245128581227,0.9919759115985014,0.004335538134878093
cleanliness,288,0.004618089219932623,0.004981502538965803,0.9885567724423051,0.0018436357987965774
clear,289,0.005084850324901303,0.4834952030373863,0.5017066244805585,0.009713322157153951
clearly,290,0.006001265694882724,0.006712732215634539,0.008338153568120725,0.9789478485213621
clerk,291,0.028071336262054162,0.01757966037893171,0.010355401176548719,0.9439936021824656
clock,292,0.003778319562066663,0.006233850297034389,0.015934427599043958,0.974053402541855
close,293,0.004051084345616529,0.0024621709455406983,0.0084009960419212,0.9850857486669216
clothes,294,0.0023080755723686847,0.000560288520878262,0.993025144137458,0.004106491769295118
cloud,295,0.0033424941820862676,0.013456747050271264,0.8356015800279072,0.1475991787397353
clumsy,296,0.011028865057111854,0.9158877212083514,0.029704798342783764,0.04337861539175302
coal,297,0.004825025485100405,0.002458231962550718,0.9905989308335003,0.002117811718848709
coast,298,0.0044294967450861245,0.001753307837313701,0.9915115940346575,0.002305601382942714
cold,299,0.005022113044008664,0.004321600910671441,0.016563245515141458,0.9740930405301784
collect,300,0.9863065519994395,0.0030440792295699146,0.004138401725853108,0.006510967045137604
collection,301,0.008198172605802355,0.00821573610145062,0.5152668845597884,0.46831920673295857
colonel,302,0.9932298482549617,0.0015674214994224483,0.003035042194266648,0.0021676880513491863
color,303,0.0025255433925569937,0.07755024273701908,0.9089092590734609,0.011014954796962895
coloring,304,0.0007521047933535779,0.0022700084793115037,0.9960365394519356,0.0009413472753992509
combustion,305,0.0010185951073107974,0.9955651053729357,0.002722740401820047,0.000693559117933286
come,306,0.24587070872242564,0.1601595953196527,0.1252576119038542,0.4687120840540675
comitatus,307,0.9915099596752972,0.004265289522218214,0.002748890670939086,0.0014758601315456388
command,308,0.5103623927765749,0.009921964481492794,0.24339846937001688,0.23631717337191538
commend,309,0.0566849651933862,0.8840147515627713,0.017694480641066,0.04160580260277647
commerce,310,0.9940908305754478,0.002426401439145608,0.002409054879161051,0.0010737131062456147
commodity,311,0.9869071408894231,0.006782445344277037,0.00451547013307091,0.001794943633228842
common,312,0.590050403187288,0.015600637030782228,0.2078971514355783,0.1864518083463516
commonly,313,0.7314475422846429,0.011531813771842061,0.2538766269862319,0.0031440169572831125
commonplace,314,0.0053851819523520385,0.0064074031602845355,0.984685624685364,0.0035217902019995446
communication,315,0.003169225534209853,0.9938187124877775,0.001991941547319286,0.0010201204306933623
company,316,0.25845238178955443,0.006580891435899594,0.01160553741077595,0.7233611893637701
comparative,317,0.0028185927930995344,0.994860562793353,0.0018523517952466352,0.00046849261830098597
comparatively,318,0.975259683947527,0.01029297397782735,0.010694296729202043,0.003753045345443636
compare,319,0.010130910639978355,0.01742632261618522,0.9626610437537115,0.009781722990124912
comparison,320,0.005991917590461371,0.9722328145065245,0.01898201250212691,0.0027932554008872654
compass,321,0.003954703864456877,0.4886126269784005,0.5039650810654245,0.0034675880917182334
compel,322,0.0930809962570162,0.8704025071414987,0.004500112351043172,0.03201638425044199
complete,323,0.009818814806292866,0.9593614951898042,0.01642690024721421,0.014392789756688711
completely,324,0.006782681948760942,0.4896605139301182,0.2551268560598418,0.24842994806127905
completion,325,0.007014813754080353,0.007533585524963226,0.9820781370706156,0.0033734636503408655
complicate,326,0.49404045500874355,0.4949575683630852,0.003854149994314166,0.007147826633857168
composed,327,0.013872166818511809,0.037259139262578726,0.9413860414465758,0.0074826524723338
comprehend,328,0.007580723043727322,0.9773894738410515,0.003765037017761393,0.011264766097459918
comprehension,329,0.003709616767192115,0.9913565290633239,0.0029739781303859494,0.001959876039098089
computation,330,0.8597157963066374,0.13104283241722953,0.006700791308683371,0.0025405799674497564
concede,331,0.011579615085274978,0.0017376443087780936,0.0011852650230526254,0.9854974755828944
conceivability,332,0.017148564573427023,0.8761683789600314,0.09517489061897919,0.011508165847562393
conceivable,333,0.0028718280932975566,0.9932980953362074,0.0019513811263285137,0.0018786954441668432
conceive,334,0.015608534561524532,0.2533790179993545,0.4994252880408948,0.2315871593982261
concept,335,0.002400504207203151,0.9866273330327409,0.003694821302179587,0.007277341457876433
conception,336,0.005687706731455506,0.9800826786613621,0.008748276005969096,0.005481338601213385
conceptually,337,0.0005660554138542598,0.997708631596965,0.001089140515408756,0.0006361724737720443
concern,338,0.43019422471273866,0.15086770943543354,0.008923886288318333,0.41001417956350955
conclusion,339,0.007988072310801089,0.3335111952009034,0.004663285390649469,0.653837447097646
conclusive,340,0.018434111203212453,0.946435590530229,0.0084225994348761,0.026707698831682523
condemn,341,0.032455365148193194,0.0020262130938310105,0.0019793027808955796,0.9635391189770802
condensation,342,0.0003194777157674047,0.9984137542880938,0.0010462625255542785,0.0002205054705846378
condition,343,0.007306566982112829,0.7394458028683805,0.16486106260785124,0.08838656754165546
confer,344,0.016338967961424495,0.9784745941671652,0.0020675257108706906,0.003118912160539664
confidence,345,0.01930190969870276,0.48220504156092386,0.005802732454665876,0.4926903162857075
configurative,346,0.0008936491773865123,0.9978446110984948,0.0009217441255450681,0.000339995598573585
confine,347,0.006397696030061296,0.9866024435479217,0.0034464895850406367,0.0035533708369763417
conflict,348,0.03817831563067899,0.9488896976472598,0.006848255180817686,0.006083731541243554
conformation,349,0.009262826336177754,0.6442402838128708,0.34189995417715574,0.004596935673795781
confront,350,0.05223993903492993,0.8672777755825496,0.010525633666706854,0.06995665171581375
congratulate,351,0.0030080376981471476,0.00017980768027626697,0.0010229820670935503,0.9957891725544831
connect,352,0.010717754432197225,0.9691260447966867,0.00917317254434873,0.010983028226767317
connection,353,0.009953627132955724,0.5090875300842689,0.007454089486603699,0.4735047532961716
connoisseur,354,0.011950530367528165,0.00490077910133769,0.025435312753288124,0.9577133777778459
conquered,355,0.9957280413676067,0.0009777591916616355,0.0019304344498479664,0.0013637649908835934
conscience,356,0.6605505049993123,0.0024252128302348973,0.004502854193747989,0.33252142797670475
conscientious,357,0.9816737608028552,0.0022874570291874247,0.0037550563301589394,0.0122837258377984
conscious,358,0.006981111272795868,0.9807586689974424,0.005758003472526234,0.0065022162572354915
consciousness,359,0.010624533318628792,0.03813545753033882,0.011250725695656378,0.939989283455376
consent,360,0.9965324784485374,0.0012136614375929107,0.0008691930189980418,0.0013846670948716206
consequence,361,0.0032033220187764142,0.9948682428305194,0.0010175840804816326,0.0009108510702225037
consider,362,0.02057494172122593,0.46811083560946454,0.011628903607688944,0.49968531906162067
consideration,363,0.011030908484428253,0.6657721823653874,0.0042269213424069385,0.31896998780777736
consist,364,0.10871250478513325,0.656014650393029,0.23183580200480605,0.0034370428170316727
constables,365,0.995164688050749,0.0010383957457927796,0.002297528210636559,0.0014993879928217103
constant,366,0.0010514444403237533,0.9965500047978404,0.001681930197144598,0.0007166205646912155
constitute,367,0.00887366736032784,0.9871815965713877,0.002499085948775742,0.0014456501195086618
construct,368,0.008071447461025026,0.9823330211908995,0.006489104122870189,0.00310642722520531
contact,369,0.004256731436804149,0.7407277944511212,0.006247389833071598,0.24876808427900307
contemplate,370,0.978815450420716,0.003276795871791157,0.0040279919492208684,0.0138797617582719
contemplation,371,0.03299720839109568,0.34685897307908836,0.04082584679825674,0.5793179717315592
contemporary,372,0.0263259676746626,0.9280744724890131,0.036165405041227276,0.009434154795097025
content,373,0.19930797893474966,0.5915766551020335,0.014046342438634465,0.19506902352458239
continence,374,0.011319811476991988,0.008650894319787637,0.9770606836447839,0.0029686105584364425
continually,375,0.5022392438051377,0.009495262711309727,0.4567024374770928,0.031563056006459665
continue,376,0.4968087222450224,0.00141884203411972,0.00211368131061593,0.49965875441024193
continuously,377,0.009818609039413569,0.011932165138123176,0.012984884600197632,0.9652643412222657
continuum,378,0.0006449443099838981,0.9980406211514463,0.001044914197013786,0.0002695203415559293
contract,379,0.02161217482254039,0.007762415377964941,0.009138563743710882,0.9614868460557838
contradiction,380,0.0030929625225270163,0.9942748296980596,0.0013040924024283434,0.0013281153769852082
contradictory,381,0.004870713171946173,0.990739807385853,0.002004176031845861,0.0023853034103549003
contrary,382,0.13833920522367577,0.11580275024363121,0.5356803296175364,0.2101777149151566
contrast,383,0.002246737003452565,0.9937102286826986,0.003018905000103913,0.0010241293137448163
control,384,0.5077520631874013,0.013554745803302511,0.006382696163282916,0.4723104948460133
convention,385,0.9927154865090997,0.0038103999080270476,0.002248269625325967,0.0012258439575471383
conversation,386,0.0024914373499565646,0.0015888937851171099,0.0042155271973646075,0.9917041416675616
convey,387,0.005842291329544246,0.9811120408172225,0.0063986994210891565,0.006646968432144236
convince,388,0.07263527645404366,0.005913485760883046,0.10709323317658555,0.8143580046084877
cool,389,0.0008777426602693816,0.0009561990127573104,0.9936672005822014,0.00449885774477193
cooperate,390,0.9953760695510233,0.0011612006243435949,0.0007287503914947471,0.002733979433138337
coordinate,391,0.0021477563388948503,0.9966892341344946,0.0006952063958350543,0.00046780313077545474
copse,392,0.0023794956051048388,0.003728287220679647,0.9913042629928319,0.0025879541813835717
copy,393,0.010728961357411033,0.00754541547143928,0.017740059248836884,0.9639855639223128
corner,394,0.013307184137920248,0.02344224053032863,0.06708619578034061,0.8961643795514105
corporal,395,0.993417503287469,0.0015770982913286453,0.003066011743663522,0.0019393866775388744
corporation,396,0.9205859652479439,0.01626033009622428,0.018075348721943475,0.045078355933888196
corporeal,397,0.0018306443964428419,0.9950402721819297,0.002193469075634191,0.0009356143459933252
corpse,398,0.0025956938291410566,0.0009971737642136469,0.9924195347098869,0.003987597696758426
correspond,399,0.0012565129366395175,0.9970183127050474,0.0011587920413839445,0.0005663823169290337
cosmic,400,0.0006981462414368921,0.9960382839969424,0.0025352864730287927,0.0007282832885919474
cost,401,0.9899510209931451,0.004092137640318763,0.003349794229561057,0.0026070471369750332
could,402,0.014216186267528446,0.04794616022789746,0.17029188867603426,0.7675457648285399
couldnt,403,0.00861469288789554,0.007539491082976962,0.019811019684292355,0.9640347963448351
countenance,404,0.01475632117238161,0.002851316356886438,0.011836066492946386,0.9705562959777856
counterbalance,405,0.9895784156984083,0.00542644952389712,0.002492059587161144,0.002503075190533416
country,406,0.6007871339731348,0.002039936606241367,0.3007988869412798,0.09637404247934404
couple,407,0.004092734920530414,0.0009659333611042023,0.005392707310730523,0.9895486244076348
course,408,0.12347011388859384,0.6171676467538276,0.13531832415270292,0.12404391520487572
cover,409,0.002636694846301409,0.002701671307643438,0.6044519523449272,0.39020968150112795
cow,410,0.001863602458328249,0.000767416730172503,0.9951737746360215,0.00219520617547779
crisis,411,0.9907940713410978,0.003930780068639335,0.0028005078509520634,0.002474640739310729
cross,412,0.014904392688214092,0.009173974020591889,0.029009160215316483,0.9469124730758776
crude,413,0.025680528003645137,0.029976139300118942,0.9064652877739963,0.037878044922239645
cultivate,414,0.043388911683543904,0.010780851418732133,0.014318399192608805,0.9315118377051153
curb,415,0.015016711704450035,0.0027254338600197483,0.972476138006486,0.009781716429044265
curiously,416,0.0035860125019162334,0.003427408701890305,0.011636003314778404,0.981350575481415
curse,417,0.0063950248596043565,0.0013603581767045853,0.008178007884238213,0.9840666090794528
customary,418,0.016288337664208646,0.9746650833694837,0.004957736150803513,0.004088842815504281
cut,419,0.0028852498257808516,0.0009157927574036124,0.9882903911030247,0.007908566313790813
daedalus,420,0.0026584541832638635,0.005602185455442433,0.9897126573331236,0.00202670302817003
daily,421,0.33796009159404833,0.31352732865908145,0.339962286510667,0.008550293236203309
dale,422,0.965004886028639,0.002803213099244738,0.02193728905827971,0.01025461181383659
damnable,423,0.990175420198649,0.0018432025178813723,0.0036582465471094385,0.004323130736360135
dance,424,0.00406263919903564,0.0014967925506000487,0.010884468274009091,0.9835560999763553
danger,425,0.49197568554146537,0.0029238776413282935,0.4947479371703323,0.010352499646874088
dangerous,426,0.031919693188199344,0.9120934879326246,0.02512102022707578,0.03086579865210025
dapple,427,0.0017201756439782076,0.0013848839859638283,0.9953482442094037,0.0015466961606541894
