token,id,G1,G2,G3,G4
abandon,1,0.42822477668442616,0.034873937917576266,0.007050391821084203,0.5298508935769134
abbey,2,0.006530935749653681,0.016385733602815675,0.6639204008054032,0.3131629298421275
aberration,3,0.9976970397027456,0.0009249561678833147,0.0010785293497759696,0.00029947477959511187
able,4,0.0033998758767731212,0.014270337923631714,0.01338877464225984,0.9689410115573353
abolished,5,0.0012462041370652766,0.9971238055148031,0.001197969879655244,0.00043202046847649623
abolition,6,0.001236775309065912,0.9977197554166032,0.0007341732372773923,0.00030929603705347143
absence,7,0.9860260911700874,0.008316697958620962,0.0028589188511651455,0.00279829202012659
absolute,8,0.9336981474258035,0.015368361302441092,0.04649168887129029,0.0044418024004651505
absolutely,9,0.33038917450113964,0.018590430612469438,0.1655273631843175,0.48549303170207353
abstraction,10,0.8360561286521081,0.015772799256200242,0.035583309997379756,0.11258776209431198
absurd,11,0.005163345619709862,0.008003420606391842,0.004937484942417217,0.981895748831481
abuse,12,0.0016589862438123983,0.9942425566044419,0.0017235998003904522,0.002374857351355469
academy,13,0.9615098310123963,0.017474394179494947,0.017095985610704217,0.003919789197404372
acceleration,14,0.9972648829786803,0.0009600894227679598,0.0008080702942329156,0.0009669573043186897
accept,15,0.00478426188969717,0.26079539970176885,0.0009946605849459774,0.733425677823588
accompanies,16,0.0034500431994023317,0.005030004298192215,0.006172714975491592,0.9853472375269139
accompaniment,17,0.002643101332366447,0.0029677001879823642,0.9920746004421305,0.002314598037520681
accomplish,18,0.012345705827525479,0.019712140860879405,0.008635355515773697,0.9593067977958215
accord,19,0.7726492659506622,0.14681998552843933,0.017830641450798268,0.06270010707010022
accordingly,20,0.043727558677504275,0.07515001195392566,0.006750602752240099,0.87437182661633
accurate,21,0.992413848035042,0.0033085679612788383,0.002726056775322737,0.0015515272283563547
accuse,22,0.0006346991247722767,0.00803924018537954,0.0008715333932366563,0.9904545272966115
accustom,23,0.5251184652372503,0.3457803497717973,0.029079433672776055,0.10002175131817642
achieve,24,0.5546656982301503,0.05996030140477406,0.01599912960855775,0.3693748707565179
ackermann,25,0.008637391713207803,0.007449042233772143,0.9802421186572248,0.0036714473957952746
acquire,26,0.485990431788124,0.016245328141205717,0.0037147766211556585,0.49404946344951456
acquires,27,0.9540570414703092,0.02565717523121209,0.01632185486930817,0.003963928429170513
across,28,0.007261697457419343,0.012168851298567747,0.5160417913361567,0.4645276599078562
act,29,0.011669219231232562,0.7810025827744189,0.027852936324458094,0.17947526166989033
action,30,0.6184229731973508,0.15001367375755104,0.1262971263320844,0.10526622671301372
activity,31,0.9915098238283075,0.00546912351645697,0.002182863732518763,0.0008381889227167755
adapt,32,0.9530544522201184,0.017365830811145358,0.007662466409646268,0.02191725055909001
adaptation,33,0.06827338675582653,0.8775510431388528,0.043187288776572005,0.01098828132874866
add,34,0.23695918825050438,0.031413320151740115,0.03009027341371537,0.70153721818404
addition,35,0.9878639652438695,0.006111317045407923,0.004241048562021185,0.0017836691487013382
address,36,0.9813462925676854,0.011337858138141095,0.003627773411628868,0.0036880758825448287
adduce,37,0.0176355105218521,0.9677410067581151,0.0017453671165109394,0.012878115603521763
adjoin,38,0.030975172491499458,0.029372505366699414,0.05830964272291418,0.881342679418887
admirable,39,0.0017744721224293705,0.9884564212860998,0.0060378447292734954,0.0037312618621973474
admit,40,0.6185671157391684,0.34287504038680355,0.0021430720597977186,0.03641477181423027
admittedly,41,0.657426792095862,0.06724552066737736,0.18071199868745338,0.09461568854930737
ado,42,0.01969667149222322,0.15135962882857273,0.045653843435969975,0.783289856243234
adopt,43,0.0025554910941010087,0.9908501883868736,0.0011648743547323147,0.005429446164293149
advance,44,0.4596975376529681,0.07188137174734459,0.03648860650958286,0.4319324840901044
advantage,45,0.018460413713096188,0.9464484636928365,0.024286636106317316,0.01080448648775001
advice,46,0.00196877836839866,0.013303965186506441,0.003312420544412333,0.9814148359006826
affectation,47,0.005523406554525216,0.010523135431510396,0.009073143308260893,0.9748803147057035
afford,48,0.5347029502629783,0.12627246690731836,0.08164772402376035,0.2573768588059431
afraid,49,0.0001168500290919883,0.001532505290695235,0.0006717991941889786,0.9976788454860238
afterward,50,0.0009563402279648167,0.9845698484559814,0.004269148558327263,0.010204662757726335
afterwards,51,0.015021001449190115,0.06131815795692169,0.8503940363256529,0.07326680426823534
age,52,0.0050148528530166575,0.008963712040534973,0.9808660806016298,0.005155354504818597
agent,53,0.018850436537258368,0.026157184722744323,0.018250112264720862,0.9367422664752765
ago,54,0.0027989484970770717,0.006371489329049074,0.010576555190010764,0.9802530069838631
agree,55,0.0009255486788269979,0.004869529817500554,0.0003756341682835153,0.993829287335389
agriculture,56,0.0036417185324295527,0.9898816247617284,0.005766690260746342,0.0007099664450957866
ah,57,0.011557480698479531,0.013197443586978707,0.027105460651027355,0.9481396150635144
aid,58,0.0016537782582302582,0.9949329549416183,0.001412380020503621,0.002000886779647753
aim,59,0.013324814727841916,0.020502636403359323,0.9613295665128123,0.004842982355986479
air,60,0.21757513127002923,0.015563291678659436,0.7377474728959912,0.0291141041553201
alacrity,61,0.014522594765642634,0.8110213284635627,0.1345404401770248,0.039915636593770065
alarm,62,0.0066058262749828425,0.4728583892197458,0.5027749672026517,0.017760817302619532
alive,63,0.00042054860907562,0.0025116350520268237,0.0037264480610756886,0.9933413682778218
allegiance,64,0.0010911839440365361,0.994228714180241,0.0016191956059649678,0.0030609062697575383
allow,65,0.0694884522059241,0.5649718574578173,0.006528657509743807,0.3590110328265148
alluvion,66,0.007965871118775112,0.002539625919719965,0.9882121980877475,0.0012823048737574813
almost,67,0.12678896100308892,0.32281274442900987,0.04531760585399817,0.505080688713903
almshouses,68,0.001977399029418394,0.9836434614542242,0.01270372792402292,0.001675411592334419
alone,69,0.3091324061271629,0.01394767871512586,0.008797100516098553,0.6681228146416127
along,70,0.46143460724449087,0.015855783750030727,0.04458370967646477,0.4781258993290137
alongside,71,0.8579182328275187,0.03435876646906294,0.06419046248675611,0.043532538216662545
alps,72,0.002697168451656149,0.003135996761898338,0.9927013659529025,0.0014654688335429536
already,73,0.009449319934758064,0.22031085375978385,0.16663037201776837,0.6036094542876896
also,74,0.5589068637441508,0.2344398509262196,0.14444378985713627,0.06220949547249332
alter,75,0.013595291551576879,0.009023783410738503,0.006804753382310052,0.9705761716553745
alters,76,0.99686948792795,0.001073108154742986,0.0013876141276309246,0.0006697897896758441
although,77,0.5767798283050336,0.21177546488964513,0.004984139284710337,0.20646056752061087
always,78,0.14955314607778766,0.150599595034285,0.01629758084523039,0.6835496780426971
amaze,79,0.0012015788393753798,0.0027851766590625115,0.004822197873919801,0.9911910466276422
amenable,80,0.9956375432840382,0.0031738530573814346,0.0004330032819482063,0.0007556003766321818
amend,81,0.0020284492852054884,0.9954594260790044,0.0007814257819732239,0.0017306988538169526
america,82,0.3764458411394373,0.2473696919896061,0.3645024422435171,0.01168202462743946
american,83,0.014527300734903614,0.5859394902704919,0.16731286978905702,0.23222033920554752
among,84,0.4724728652774527,0.027585460241757988,0.49286463813234754,0.007077036348441769
amount,85,0.03252893686750301,0.5057109196252276,0.010806907732344353,0.45095323577492497
anatomy,86,0.518190540159264,0.00966105884066051,0.4521598207213107,0.01998858027876477
anger,87,0.001052155424985664,0.007585045340954818,0.003380826174513889,0.9879819730595457
angle,88,0.4455145023783525,0.005014673015114994,0.5455452648746492,0.003925559731883382
animal,89,0.387028235135162,0.20197624146807325,0.40766505466003694,0.0033304687367278984
annoyed,90,0.00030073602939627455,0.002337500371809329,0.0010727368499951477,0.9962890267487993
another,91,0.37717608562141297,0.017072233176082245,0.20419229580655732,0.4015593853959474
answer,92,0.001337944986660797,0.0028143338467931465,0.0009429957051607192,0.9949047254613853
anxious,93,0.698372816325528,0.08252464909852783,0.023783394808165787,0.19531913976777848
anyone,94,0.0005401193261845603,0.004407147815288241,0.0019465244111615142,0.9931062084473656
anything,95,0.038689427407981376,0.018909052583731274,0.027556618886516872,0.9148449011217705
anyway,96,0.014409901333138665,0.009354432351979601,0.00422146440766,0.9720142019072218
anywhere,97,0.003378599803181034,0.008429106478934379,0.49592104209859733,0.49227125161928725
apart,98,0.006958057415962889,0.011570203861156377,0.4932812002777855,0.4881905384450953
apparent,99,0.016945996348376367,0.9753374105527906,0.0037989061506065597,0.003917686948226481
apparently,100,0.9455073261030162,0.021753131837461314,0.009266383068421674,0.023473158991100793
appear,101,0.5236921581703583,0.08191937465009318,0.012639409132001669,0.3817490580475467
appertaining,102,0.7576357840960564,0.11918224760779698,0.04205268523020559,0.08112928306594121
applaud,103,0.007933370789219615,0.9159790039692058,0.006565273627676617,0.06952235161389804
applicable,104,0.1596781798375858,0.056440300033020877,0.007907706229649255,0.7759738138997441
application,105,0.5482960845291069,0.021055448749075133,0.4284587053072555,0.0021897614145623924
apply,106,0.49241081991453406,0.49971458149367964,0.0013048193373768314,0.006569779254409514
appoint,107,0.8271408575587358,0.11674994344207354,0.008718199020125845,0.04739099997906488
approximately,108,0.8155834739697415,0.04387904734607945,0.1201689089776954,0.020368569706483593
apt,109,0.006579883427523434,0.008905392734781695,0.9785194943511649,0.0059952294865300145
arch,110,0.001024046967855694,0.0019004341127216906,0.9962621858757656,0.0008133330436568449
argument,111,0.05439870612835416,0.885975281196606,0.007471154138946225,0.05215485853609358
arise,112,0.688847329306669,0.2836438901406117,0.008684658726110718,0.018824121826608586
arises,113,0.1252711946329205,0.018056022239369116,0.009284529634237426,0.8473882534934729
arm,114,0.011904536177341444,0.020812322907924716,0.7208841769358155,0.24639896397891828
armor,115,0.004242180449558819,0.005091521829657988,0.9883512493190941,0.002315048401688984
army,116,0.001964736900289372,0.799587631771448,0.1967532578239371,0.0016943735043256033
around,117,0.00473558408078561,0.00997979125026893,0.027216752308573896,0.9580678723603715
arrangement,118,0.011030823728528743,0.005467085038206703,0.980402542972917,0.003099548260347597
arrive,119,0.8686870254608439,0.02615177999434528,0.01299273779530442,0.09216845674950638
art,120,0.011172977904406549,0.14083202564895544,0.7168717280385339,0.131123268408104
artistic,121,0.004012455976978339,0.005032101050447082,0.9894933719053598,0.0014620710672147883
ascertain,122,0.6101952500199045,0.34647730256865916,0.010206532128014926,0.033120915283421384
ascribe,123,0.6569258875885301,0.33634489442879506,0.0012092176433826857,0.005520000339292221
ask,124,0.0008242127955592747,0.010344044164741276,0.02057452570234326,0.9682572173373563
asleep,125,0.0004960133907081379,0.001381287329752888,0.004052483824383473,0.9940702154551555
aspect,126,0.9129535647761764,0.06933245755407627,0.011645052763417905,0.006068924906329431
assert,127,0.1787124518527901,0.5430698156375358,0.003524546346813983,0.27469318616286015
assign,128,0.6137882048321114,0.35115088124119676,0.012314848684064504,0.02274606524262728
assistant,129,0.005567090138775462,0.01649236022842151,0.013495719626115258,0.9644448300066877
assume,130,0.845901192216902,0.016938271204637742,0.004309797861133699,0.13285073871732664
assumption,131,0.9947710853898533,0.0032894345551704586,0.0013359284826340385,0.0006035515723423711
assure,132,0.0033559270609552967,0.03239507794322327,0.0015439034663638311,0.9627050915294577
asymmetry,133,0.9947958626986144,0.0013988565698874254,0.0016382207225439263,0.002167060008954299
atom,134,0.09919768301126294,0.011704573119451844,0.03008251171107113,0.8590152321582141
attempt,135,0.210969329889504,0.08565688919467443,0.16559759799575913,0.5377761829200625
attend,136,0.010788149529707858,0.9602865760705147,0.008303789905378837,0.020621484494398493
attentively,137,0.007308896675181462,0.9579598572675292,0.011132923326887766,0.023598322730401744
aurora,138,0.00339029873261319,0.0027731392060864613,0.9923061296118163,0.0015304324494840823
authority,139,0.0013845518703376098,0.9970409730533264,0.0010956307341876124,0.00047884434214850584
available,140,0.009806517713245205,0.9789588261166193,0.00759686953060855,0.0036377866395268755
avoid,141,0.00980970663577687,0.18728907450959562,0.006368144662226689,0.7965330741924008
aware,142,0.0024096945900705874,0.008233460797211718,0.0011236804116417595,0.988233164201076
away,143,0.23257745546208003,0.1549210170475168,0.3091442913764861,0.303357236113917
awkwardly,144,0.0009956538764387438,0.0020767219199656446,0.0048066706699625,0.9921209535336332
awkwardness,145,0.007940424524118804,0.9735558442783141,0.007010500130508098,0.011493231067059054
axiom,146,0.9980173974042768,0.0009417804811910079,0.0006834942790191892,0.0003573278355130006
ay,147,0.003302930586520536,0.48652734647286083,0.5034682829985127,0.006701439942106049
bacchic,148,0.004034441653015495,0.009206910292940875,0.9829142124135142,0.0038444356405294947
back,149,0.0035290001859246876,0.011791220957025828,0.13851126170951525,0.8461685171475343
backgammon,150,0.0031192173021446705,0.0051409934525250296,0.9884432365312465,0.0032965527140837395
background,151,0.00344138635567383,0.0019892007035536238,0.9932703646159315,0.0012990483248409897
bad,152,0.0014854766900459756,0.24505581259968479,0.008159780976116134,0.7452989297341531
balance,153,0.45302310545514296,0.057024003528583535,0.06425365335605322,0.42569923766022033
baltimore,154,0.0035078893570026394,0.9814483385593542,0.012138998736181131,0.0029047733474619765
bank,155,0.0017310864416782083,0.006448509189467562,0.9904001303665849,0.001420274002269262
base,156,0.007113057978920536,0.9800693069732942,0.011248123559282255,0.0015695114885031227
bear,157,0.0012085351413676111,0.0037657846471368006,0.9916114127281567,0.003414267483338888
bearer,158,0.9390724545201727,0.03224280667846333,0.02201895918253488,0.006665779618829062
beas,159,0.011448565432007958,0.9596151335659786,0.02407680298011568,0.0048594980218977825
beautiful,160,0.0016947149830793863,0.003981479195934212,0.5139437187145274,0.480380087106459
beautifully,161,0.0023789929669718914,0.004146344655169911,0.03952779011930545,0.9539468722585528
beauty,162,0.8368839320166296,0.05775008062564221,0.09404132202768033,0.011324665330047895
become,163,0.2570969346779605,0.2741352538944007,0.09192262700368592,0.3768451844239529
becomes,164,0.005660185130984141,0.00919077718361741,0.00687307397849557,0.9782759637069028
bed,165,0.00352377083977056,0.04629799356831198,0.32685407498556807,0.6233241606063492
bedpost,166,0.0013909059713941522,0.0028157626855201245,0.017982922501710786,0.9778104088413749
beg,167,0.0009477456575248527,0.007225684984782554,0.005794023308692687,0.9860325460489998
begin,168,0.02032579077846927,0.22707328926557663,0.04031230147588317,0.7122886184800709
behave,169,0.01459235446335745,0.9698056503271448,0.002852834531220922,0.012749160678276819
behaviour,170,0.9803338314240431,0.008775897621652514,0.0045644558544335545,0.0063258150998707335
behold,171,0.003477434946069759,0.9436226469799215,0.027556003779561942,0.02534391429444674
believe,172,0.30531054753617054,0.01949871963998709,0.003193002828412138,0.6719977299954304
bellini,173,0.0025683818879192006,0.012487018835157852,0.9807957071476671,0.004148892129255957
belly,174,0.002986490304895493,0.0041561948249095445,0.4984422802507015,0.4944150346194935
belong,175,0.9666748139106321,0.011931897796673226,0.006724864647090103,0.01466842364560444
bend,176,0.006514154869232912,0.04202643009788431,0.6266342907558676,0.32482512427701515
benefactor,177,0.0026324415663644034,0.9743640653677604,0.010839871224339988,0.01216362184153523
beneficial,178,0.06723439518130592,0.919852959922658,0.00509589471966798,0.007816750176368004
berlin,179,0.9745689620488357,0.007725698526615451,0.01417696665863591,0.0035283727659129807
beside,180,0.0007117730369984379,0.002094501702956874,0.9944682086073082,0.00272551665273641
besides,181,0.9741038508001506,0.012041602844172439,0.009659264756932918,0.00419528159874398
best,182,0.0033811847481985745,0.42549603185257073,0.28688639735142285,0.2842363860478078
bet,183,0.0015849633746022912,0.005890446280012768,0.007440874650769186,0.9850837156946157
beyond,184,0.5735644556175264,0.37204784306473604,0.03195706171772952,0.022430639600007907
bidding,185,0.0013541062152192208,0.9912567641057517,0.003123711034928019,0.004265418644100969
big,186,0.0075227771657143585,0.8667077250594986,0.085431977917953,0.040337519856834085
bind,187,0.9863537190611557,0.006222868734848679,0.0036059426203429437,0.0038174695836525867
bird,188,0.0007508621117824804,0.001591083922190435,0.9962437055354139,0.0014143484306133195
bit,189,0.007599151253971927,0.009799210376774446,0.6497423477307318,0.3328592906385216
bite,190,0.008478592292167558,0.07468997524068932,0.8700554995109605,0.046775932956182674
black,191,0.002903887920696107,0.007256697958097637,0.5378747038726185,0.4519647102485879
blow,192,0.005155901846153466,0.01278734698969114,0.6691050194940147,0.31295173167014073
blue,193,0.0042241932238332785,0.003377160412169327,0.9885647469478986,0.0038338994160987553
blush,194,0.0018869824241549834,0.0033249996002251915,0.016082637965871407,0.9787053800097484
boa,195,0.0009217614267957111,0.0017675367053816742,0.9961554686330201,0.0011552332348025549
body,196,0.3752015593699107,0.22011293469452256,0.25081539312350515,0.15387011281206156
boldness,197,0.07541067501928794,0.2049452812644944,0.34913401117401394,0.3705100325422037
bone,198,0.009743233908129593,0.008489853800269728,0.02988168958231474,0.9518852227092859
bony,199,0.009424993659044126,0.004786316793591292,0.9819086590764943,0.003880030470870349
book,200,0.003399458851850848,0.005919881847353533,0.9875703880572354,0.0031102712435601134
boot,201,0.019277071341032105,0.16925351096970606,0.3040423852698826,0.5074270324193793
borealis,202,0.004757342112171601,0.0019575353574154525,0.9921156390046223,0.0011694835257906547
borne,203,0.005863866931227812,0.006491884399169412,0.9857224447961787,0.0019218038734241845
bos,204,0.015885840008082262,0.015444030848823401,0.0435626523512556,0.9251074767918388
boss,205,0.000839736636266532,0.004501017472500463,0.008130178777899877,0.9865290671133332
botticelli,206,0.001460663159055515,0.0014759183973794276,0.9960755988328154,0.0009878196107496913
bottom,207,0.0010861795897202106,0.0009415733817122033,0.9966276963613463,0.0013445506672213469
bounce,208,0.002307402226503951,0.0015472067725327717,0.007893379627933229,0.9882520113730301
bound,209,0.7325160375747002,0.013270343008366874,0.013518026186385184,0.24069559323054776
boundary,210,0.9913213048904012,0.0025792470782396563,0.0056821882778731,0.00041725975348611146
branch,211,0.495454202307933,0.08425414541410134,0.4157241637801242,0.0045674884978414085
breadth,212,0.013147721844633857,0.9742498235892676,0.010333312397704951,0.0022691421683937478
break,213,0.05496252939725737,0.023462983233687392,0.02409513186406378,0.8974793555049915
breakfast,214,0.023000370123685356,0.016032841353325073,0.0707584949090662,0.8902082936139233
breathe,215,0.0012119535542075889,0.0012667346485036516,0.004289349016585257,0.9932319627807035
breed,216,0.0018035624325136097,0.004641947888907861,0.9913500144222592,0.002204475256319333
brilliant,217,0.0026895519392180003,0.005721769607823636,0.01893180225150566,0.9726568762014527
bring,218,0.1959253797690077,0.24771607737816292,0.10787023346783581,0.4484883093849937
broad,219,0.38128787341110165,0.5085585435351958,0.06448077876564604,0.04567280428805652
brought,220,0.11440953147283547,0.7638904511586085,0.03479972042338596,0.08690029694517007
brown,221,0.004764085223086284,0.007362870153705299,0.920511389253037,0.06736165537017144
bulk,222,0.013073973476841326,0.9790020502408611,0.00653989379121738,0.001384082491080369
buried,223,0.01086051508666082,0.0319939781215114,0.7962320626846668,0.16091344410716096
burn,224,0.0032028790957030996,0.010363988026650329,0.5112922238755463,0.47514090900210026
bury,225,0.005242468846468232,0.18692266883459646,0.7849711460238732,0.02286371629506204
business,226,0.007126693705089132,0.19460909986409225,0.020854615104413676,0.7774095913264049
buy,227,0.0012561369324379696,0.9495035878871227,0.00584639214740834,0.04339388303303092
call,228,0.1955644391221795,0.011307598797823844,0.11597994732093518,0.6771480147590616
calm,229,0.004360704375910346,0.014916294295017757,0.34032761888802426,0.6403953824410477
camel,230,0.0019977878185784017,0.0035233222656273835,0.9914492230302464,0.003029666885547765
candidate,231,0.001568924093446772,0.9951195918822948,0.001956062452315087,0.0013554215719433081
cant,232,0.0050245232978437795,0.015903162559384492,0.015812348996822545,0.9632599651459492
capable,233,0.9903831692679466,0.004949503591862477,0.002961410650228883,0.00170591648996196
captain,234,0.0012371251876499467,0.9867457744810407,0.007908622491958643,0.004108477839350583
care,235,0.004389753135086878,0.33950773795895023,0.32996551782512046,0.3261369910808424
career,236,0.12455497987463324,0.3268117906722015,0.04902343849086312,0.49960979096230224
careful,237,0.053633947851888394,0.03181740812190265,0.8784780071173147,0.03607063690889428
carefully,238,0.005807780576105345,0.011711062618340788,0.33821058180665015,0.6442705749989037
carelessly,239,0.0009213981834853744,0.0040218646345782875,0.0054476294132350545,0.9896091077687013
carpaccio,240,0.0008403921063724548,0.0011702391698826776,0.997228240454193,0.0007611282695519333
carpet,241,0.004368854033214918,0.006287171894173375,0.3870152054864126,0.6023287685861991
carried,242,0.003915287837952845,0.008388203805352231,0.9840327045560843,0.003663803800610603
carry,243,0.44763549911952255,0.18011960727337475,0.010469062944971524,0.3617758306621312
cart,244,0.0010752780853851755,0.0016090870321146997,0.995493877121645,0.0018217577608550942
carve,245,0.0017668574191849495,0.009827103594087394,0.9666844059528905,0.021721633033837156
case,246,0.2894788433441964,0.4710626655006478,0.005698327889047829,0.23376016326610807
cast,247,0.2642425854478688,0.5009166876405895,0.17144927020823053,0.06339145670331128
catch,248,0.0015939391691156854,0.016914582381426232,0.009442646857750918,0.9720488315917071
cattle,249,0.001149902756184239,0.005432528800109736,0.9923234927456835,0.0010940756980224741
caught,250,0.0007796047330285332,0.003989915705537711,0.006671656009336539,0.9885588235520972
causal,251,0.9865424989559135,0.004937101626185612,0.0019149406612539136,0.0066054587566470304
causally,252,0.9984277233322044,0.000948987255847873,0.0002984521364823887,0.0003248372754652332
cause,253,0.7938982894222876,0.023812701318244908,0.003976361689181904,0.17831264757028556
cautious,254,0.002617982191682568,0.015160393818986994,0.004682765001878005,0.9775388589874524
cease,255,0.008178274627980736,0.09539559490122379,0.007535339273338381,0.8888907911974571
center,256,0.18653359521318202,0.02896426149324676,0.7785880619740544,0.005914081319516878
century,257,0.3425468326886519,0.46557140298085026,0.09181663753933073,0.10006512679116723
certain,258,0.5003215559004314,0.49641740319024974,0.0014925207420920833,0.0017685201672268448
certainly,259,0.024416229803715547,0.019940978503838885,0.18562053107180218,0.7700222606206434
chain,260,0.014137697325252392,0.005370736130570598,0.978296112834678,0.002195453709499023
chance,261,0.003278708594395527,0.034481659034010355,0.006750386760776286,0.9554892456108178
change,262,0.4824857579112643,0.3705195522751113,0.00561687868284976,0.14137781113077463
chaos,263,0.016571529291408284,0.011651139254378511,0.0128316458912485,0.9589456855629647
chapter,264,0.004841316309243462,0.9878158926305569,0.0058106793776205425,0.001532111682579099
character,265,0.27730791369001495,0.42721541579247324,0.2221452366784773,0.07333143383903458
characteristic,266,0.9576224153012104,0.008517538937631141,0.01613147962705184,0.017728566134106647
charge,267,0.8135617602154279,0.054970414241003886,0.016761806559933513,0.1147060189836347
chastisement,268,0.0013891363992193746,0.9937458089835944,0.002073209050915531,0.0027918455662706166
cheap,269,0.0056386076948213145,0.009465668813871998,0.01742155312857617,0.9674741703627305
cheat,270,0.011649245479350295,0.009820965304942041,0.015422588074676693,0.963107201141031
checker,271,0.002641148991475483,0.002009039485955356,0.9932911055949942,0.0020587059275749453
cheer,272,0.0014956770009752084,0.01607330597450343,0.13476519378058174,0.8476658232439397
cheerful,273,0.002053354367962587,0.9607552341397254,0.021264106789768478,0.015927304702543596
chemical,274,0.1747267820810691,0.1388728331996036,0.6775606510007575,0.008839733718569852
chest,275,0.0008519069260849452,0.0016845210385933453,0.9956576018277968,0.0018059702075249268
chicken,276,0.05652724801130126,0.022804183329943956,0.901604125438619,0.01906444322013573
chief,277,0.04696126042891242,0.20956382107450688,0.0953939394293395,0.6480809790672412
chiefly,278,0.003960853520618469,0.9895084658219527,0.005644142168210087,0.0008865384892187072
child,279,0.003994617727619006,0.015704843745785187,0.01006016727861378,0.970240371247982
childish,280,0.9163267690878073,0.01768262872452606,0.03377195042971098,0.03221865175795573
choose,281,0.0019511613851053424,0.32867065598601725,0.0017029457181076321,0.6676752369107698
chorus,282,0.002310777595747937,0.010437842361724833,0.9775279385812524,0.00972344146127473
chosen,283,0.0033313240529479447,0.013485287614040959,0.007721681820298621,0.9754617065127125
christ,284,0.025760597817747283,0.06215868280419706,0.4599469875442688,0.45213373183378675
church,285,0.03899885811258361,0.034549345932594414,0.9204371840395347,0.006014611915287211
circumstance,286,0.00838217608891236,0.012290498442150348,0.003296540956139837,0.9760307845127973
citizen,287,0.00524995197873949,0.24397837236976894,0.27554663979529526,0.47522503585619635
civil,288,0.008275087050255689,0.9868308733034167,0.0037724790208134907,0.0011215606255142066
claim,289,0.005726744996793584,0.018723318650903716,0.0021584697286363727,0.9733914666236663
class,290,0.4185508988180055,0.5163625547338037,0.03550092660746371,0.02958561984072713
clay,291,0.0012486237912123159,0.001667948098525904,0.9959142834856147,0.0011691446246469657
clean,292,0.00306875258689021,0.006321195928172511,0.5312514733825413,0.459358578102396
cleanliness,293,0.007354176313325418,0.007801685374126111,0.9829687834925581,0.0018753548199903953
clear,294,0.19613191778311034,0.01546923223612834,0.5358930761514548,0.2525057738293065
clearly,295,0.006977250622029072,0.009686415762288823,0.006409538382116512,0.9769267952335656
clerk,296,0.0908174058976825,0.13226127530677662,0.11204297371721857,0.6648783450783223
clock,297,0.24527704312095872,0.003952723049127801,0.5115898396621582,0.23918039416775527
close,298,0.002720535704481315,0.007171585659173542,0.012433675344217049,0.9776742032921282
clothes,299,0.0008273734012500757,0.0036516358787517275,0.98716268620912,0.00835830451087807
cloud,300,0.16647952944300523,0.15473285059209932,0.6769971043099451,0.0017905156549503911
clumsy,301,0.918335791824904,0.013512140100336,0.02784532171270544,0.04030674636205462
coal,302,0.011147077458224788,0.12946249831540738,0.8529864709100708,0.006403953316296992
coast,303,0.8988950959322558,0.026281304192081908,0.06644969608662998,0.008373903789032409
cold,304,0.21265599376836136,0.03389881275902624,0.11197256841297623,0.6414726250596361
collect,305,0.0025637976896455594,0.9867828100680087,0.003408914242032081,0.0072444780003136635
collection,306,0.02954737229662184,0.020957577921196832,0.5123616896545461,0.4371333601276353
colonel,307,0.0015685523319512711,0.9918316177354087,0.004791728133283158,0.0018081017993568766
color,308,0.030774784852854953,0.0042001895436312095,0.8796076395713595,0.08541738603215429
coloring,309,0.026203021141385754,0.8870331109251126,0.07831157597599389,0.008452291957507758
combustion,310,0.9959866409923643,0.0010244633339586346,0.0025695431198742625,0.00041935255380278445
come,311,0.09969312966736232,0.09384720634968778,0.12268909175024939,0.6837705722327005
comitatus,312,0.0261183765792246,0.9157057834930932,0.021047118872491596,0.03712872105519076
command,313,0.22706376185235885,0.5034045338587071,0.26107657332709255,0.008455130961841459
commend,314,0.21001524462320592,0.33468217084192375,0.14448659398706548,0.3108159905478049
commerce,315,0.01680712108657756,0.369421811465803,0.023442115260209284,0.5903289521874101
commodity,316,0.012735100361058585,0.9777483640042414,0.006296337344940047,0.0032201982897599062
common,317,0.14865282467080518,0.6086670196226253,0.22300652980437113,0.019673625902198462
commonly,318,0.037169929347460356,0.7335673408480791,0.03110991522641344,0.1981528145780472
commonplace,319,0.009971399860864276,0.011632270571234619,0.9739529061080195,0.004443423459881651
communication,320,0.9379817221677264,0.02329843787383804,0.011243022169513861,0.027476817788921765
company,321,0.009468162322669496,0.4799961290446042,0.044658122926151934,0.4658775857065744
comparative,322,0.987698191113559,0.009147353308839068,0.0026144905836176266,0.0005399649939842798
comparatively,323,0.007652956565394785,0.98392180116592,0.0065906590777806365,0.0018345831909046763
compare,324,0.015233468271471632,0.9708035297053638,0.004319921847545586,0.009643080175619125
comparison,325,0.9955896621532921,0.0020369019636068504,0.001822729012618003,0.0005507068704828934
compass,326,0.012706419579733948,0.005688610676119164,0.9763339449790668,0.0052710247650801225
compel,327,0.8837766668154285,0.0780721604157412,0.002874092858473229,0.03527707991035707
complete,328,0.9595410955086906,0.013825997616777792,0.013881626479907441,0.012751280394624072
completely,329,0.4926901944300337,0.013050985332896371,0.2712168391085512,0.22304198112851872
completion,330,0.031150043217663542,0.45702951298031536,0.5073803888623419,0.004440054939679265
complicate,331,0.4941740649953842,0.4941710729717778,0.0024719429841624342,0.009182919048675565
composed,332,0.5101093265586277,0.04840698475720076,0.4246233152097181,0.016860373474453367
comprehend,333,0.36603491518189296,0.03251974234393989,0.006047013810872933,0.5953983286632942
comprehension,334,0.04302374879103026,0.9361904629363254,0.014951069606613972,0.005834718666030498
comprise,335,0.9873341116830027,0.005586557856452803,0.005460970431393521,0.0016183600291509036
computation,336,0.9921237795763138,0.006355417275712698,0.0011130660855958564,0.00040773706237761596
concede,337,0.12522837998395145,0.0940783140297786,0.008479601517099408,0.7722137044691706
conceivability,338,0.9828564883845101,0.005587782156809499,0.0021173440094660045,0.009438385449214376
conceivable,339,0.992879100250053,0.003631904399818787,0.0010752057443608033,0.0024137896057673668
conceive,340,0.33581867188584574,0.2785653212237926,0.10786504958853024,0.2777509573018314
concept,341,0.9982792236697133,0.0007980870460054273,0.0006442172450231859,0.00027847203925797696
conception,342,0.9104885679561457,0.010800102660692187,0.07587043354431625,0.0028408958388458157
conceptually,343,0.9982045012821286,0.0006873982544917105,0.0006118231796036423,0.0004962772837761725
concern,344,0.1456986741109593,0.7148318920308989,0.0030655773836940755,0.1364038564744478
conclusion,345,0.027163901591506067,0.03743528916885112,0.08026036731052082,0.8551404419291221
conclusive,346,0.976557676326447,0.012753572921742454,0.0036758415750025924,0.007012909176808012
condemn,347,0.0008488628822035525,0.5059442710261088,0.0006785370075177258,0.4925283290841699
condensation,348,0.9984153730402962,0.0003949362781960629,0.0010239188342983747,0.00016577184720933827
condition,349,0.6731457336110637,0.0849626475702329,0.15355030144364964,0.08834131737505381
confer,350,0.9766949262426108,0.017482620908036685,0.0017728514202109981,0.004049601429141464
confidence,351,0.5019861746891735,0.08404467030224601,0.14720168732138256,0.26676746768719795
configurative,352,0.985229746436093,0.007598019736201425,0.0035690359930904375,0.0036031978346152144
confine,353,0.9746938372526126,0.011622326987921512,0.004634770963814298,0.009049064795651606
conflict,354,0.9670930889847781,0.024084202097465125,0.004316320564961802,0.004506388352794986
conformation,355,0.9884940511150144,0.0033680782190305585,0.007197252304981332,0.000940618360973643
confront,356,0.12571653833863092,0.06531290525065181,0.012130996117686876,0.7968395602930305
congratulate,357,0.00011684048294852052,0.0023593835383142747,0.0008871389161938385,0.9966366370625434
connect,358,0.812867031928036,0.034881324812995454,0.033255242144331135,0.11899640111463738
connection,359,0.513474660907946,0.014587867938107603,0.009573151622036901,0.4623643195319096
connoisseur,360,0.006771069511020809,0.01777434225832119,0.03503149033169934,0.9404230978989587
conquered,361,0.0010076353769879458,0.9949243196857674,0.002476160648416484,0.0015918842888281073
conscience,362,0.0032690821035801904,0.6485246127157874,0.15970341722494608,0.1885028879556863
conscientious,363,0.0008762703846110383,0.9961690534086486,0.001406217791392573,0.0015484584153477791
conscious,364,0.981759948577617,0.008507973870696349,0.0033737829277068494,0.006358294623979792
consciousness,365,0.18497379172210382,0.031987838679336196,0.019003461981500634,0.7640349076170594
consent,366,0.007273353773552864,0.9670469406113581,0.017958210959702948,0.007721494655386106
consequence,367,0.9943268078525849,0.004118736117646415,0.0006748871464268128,0.0008795688833418019
consider,368,0.2195277794573806,0.2132864737776193,0.0027724140615524766,0.5644133327034476
consideration,369,0.2732733208290283,0.274675284918197,0.005522002195498645,0.44652939205727604
consist,370,0.7728591041569047,0.01773443965092148,0.11483011673085504,0.09457633946131874
constables,371,0.0015722305647698134,0.9908710905666125,0.00499740149454728,0.002559277374070258
constant,372,0.9132801844524039,0.01251876156911856,0.010449582558742655,0.0637514714197349
constitute,373,0.9878320112651263,0.008531789880397359,0.0018693949771840278,0.0017668038772922987
construct,374,0.7670987077252117,0.202470415859975,0.01797834869071359,0.012452527724099622
contact,375,0.4426745943926539,0.017459711304740975,0.2608217943594635,0.2790438999431416
contemplate,376,0.010222156038251625,0.4128221696894921,0.003938636752701909,0.5730170375195544
contemplation,377,0.015178485546151525,0.3365054050593075,0.018270762866664843,0.6300453465278761
contemporary,378,0.9731868729290303,0.0084264178159688,0.015049503958671228,0.003337205296329793
content,379,0.6088369962710376,0.19962747544264697,0.007242460486462712,0.18429306779985277
continence,380,0.010176567518914511,0.014897147520438017,0.9722331024228646,0.0026931825377827564
continually,381,0.46901055895685123,0.044216867134452116,0.016040809226863205,0.47073176468183353
continue,382,0.0009714033740054041,0.4961775420916499,0.0016694368420672782,0.5011816176922775
continuously,383,0.017671590378767404,0.018821645689183458,0.022232305069838674,0.9412744588622105
continuum,384,0.9938495876094409,0.0037461501947578368,0.0020508740999430576,0.00035338809585832274
contract,385,0.0071928727784618405,0.021063848149197036,0.011782464305410948,0.9599608147669302
contradiction,386,0.9949753577391468,0.0028708048961413645,0.0007153746774106771,0.0014384626873011456
contradictory,387,0.9905069904596826,0.005668025362507291,0.0014321184106654134,0.002392865767144709
contrary,388,0.9816711969039105,0.012162329752588895,0.0015994387364502807,0.004567034607050445
contrast,389,0.9841608630763625,0.005809746653113079,0.008486975378671543,0.001542414891852824
control,390,0.021699877689137247,0.031030033327973987,0.4871840639317214,0.4600860250511673
convention,391,0.07699518537275994,0.9079370341489419,0.01145390136098324,0.003613879117315151
conversation,392,0.0019927766277736117,0.004227398419880201,0.005326958825841473,0.9884528661265046
convey,393,0.9818089361299219,0.0066781224759639496,0.003843296843257586,0.007669644550856641
convince,394,0.0014033378305155979,0.4886192783568749,0.011748882907905558,0.4982285009047039
cool,395,0.00448424392171391,0.0022358816372987085,0.9867691364371982,0.0065107380037892374
cooperate,396,0.0010008147800553526,0.9945562775087594,0.0006315791067708083,0.00381132860441455
coordinate,397,0.9969061542869089,0.002050397829536015,0.0006370740960426133,0.00040637378751251415
copernicus,398,0.12371486125388118,0.05121698725856572,0.7554092702233386,0.06965888126421453
copse,399,0.003718535493729988,0.00492603638409258,0.6907064611287245,0.30064896699345306
copy,400,0.0076194444299870975,0.011681815769461847,0.019938470897721106,0.9607602689028301
copying,401,0.01986728439022177,0.02220815951669897,0.02218179718740148,0.9357427589056778
corner,402,0.003342144018795591,0.0068485900793134385,0.0509878538310658,0.9388214120708251
corporal,403,0.0017983966413705206,0.9914270761121582,0.004845971344434425,0.0019285559020371327
corporation,404,0.010225793893752578,0.9647569679540958,0.01508205488859972,0.009935183263551918
corporeal,405,0.9927014734406312,0.0031644801762723967,0.0021846960748246446,0.0019493503082718372
corpse,406,0.0008928498858212369,0.0024258081649837257,0.9933526047587923,0.0033287371904029326
correspond,407,0.9973872001605704,0.0012899616992981485,0.0007770666811258813,0.0005457714590055663
cosmic,408,0.9967996221542024,0.0006429974337965714,0.0020318057512903782,0.0005255746607106522
cost,409,0.012697797925019067,0.9784454431496696,0.005593554333572961,0.0032632045917383814
could,410,0.005099245966858747,0.11433838323808844,0.04816981924149519,0.8323925515535576
couldnt,411,0.005756016995872099,0.0069885690910934705,0.005096223569765507,0.9821591903432689
countenance,412,0.0033621401878274324,0.018129515308662643,0.014362074750706296,0.9641462697528036
counterbalance,413,0.017024473754016715,0.02843461024626092,0.007098321503633866,0.9474425944960885
country,414,0.10437033819392232,0.38699502343608566,0.21356662001246657,0.2950680183575255
couple,415,0.0010704095141830438,0.005548572613227176,0.008579122970801375,0.9848018949017884
course,416,0.3102499153508328,0.2550480857569355,0.15871864525443208,0.2759833536377997
cover,417,0.004961797855845841,0.004975684238710468,0.6493201152417799,0.3407424026636638
cow,418,0.014017220851499163,0.007446448875627567,0.972025608600189,0.006510721672684191
crank,419,0.011587303817137896,0.007277203354647102,0.9459124792467061,0.035223013581508845
crisis,420,0.022044087621137312,0.04321988912464918,0.9136387878265263,0.021097235427687145
cross,421,0.02458009214638037,0.04521468984321516,0.5971907581402905,0.33301445987011385
crucify,422,0.0028687466584579064,0.015208403908794028,0.036672745820907515,0.9452501036118406
crude,423,0.9743392237403337,0.008348486787857698,0.01479691619517623,0.0025153732766322375
cry,424,0.0002927455787205014,0.0016408653574695525,0.0028341565111119453,0.9952322325526981
cultivate,425,0.003872753702162581,0.9877136426126787,0.004053728860181836,0.0043598748249769476
curb,426,0.004797183361021269,0.018071926904188886,0.9655300083552616,0.011600881379528322
curiously,427,0.012977913208853968,0.011141939682718047,0.9605686329244589,0.01531151418396916
curse,428,0.0012376531702334996,0.005413991758307673,0.008019481715094558,0.9853288733563643
customary,429,0.97270849733508,0.020102759752007496,0.004072928130372512,0.0031158147825399544
