token,id,G1,G2,G3,G4
metamorphosis,1,0.9580478908662395,2.85406280024814e-05,0.04180550206454625,0.00011806644121195909
one,2,0.07116353341988163,1.1010144367440956e-05,3.7358936909039104e-05,0.928788097498842
morning,3,0.99996666989757,2.5404619506225564e-05,3.7728823941957732e-06,4.1526005296643775e-06
duty,4,0.9997099853364847,1.0672275614594217e-05,0.00026302358660891095,1.631880129168575e-05
civil,5,0.999841737685769,1.2303871328421301e-06,0.00014838508057475968,8.646846523417585e-06
disobedience,6,0.9948522512048233,0.00046212075843151274,0.0046668926013724325,1.8735435372607e-05
heartily,7,0.7977227534344711,0.19592697183340477,7.985915651460528e-05,0.006270415575609658
accept,8,0.00011888978790683246,0.99987221888339,2.0070206573346876e-06,6.884308045899119e-06
motto,9,0.9988595903706436,0.0001546870851964411,0.0009561506663456307,2.9571877814400218e-05
government,10,0.9996806440950435,1.5237473373820335e-05,0.0002698922318961977,3.4226199686467815e-05
best,11,0.9975189408573879,6.892769038248967e-05,0.00025738358831593186,0.002154747863913798
governs,12,0.17366585997404957,0.0002502230408515558,0.8256084476585484,0.0004754693265505928
least,13,0.010538001198087277,3.9598731388298676e-06,0.00023825957000853394,0.9892197793587654
like,14,0.002094164550955951,0.016205603756580124,9.371435124429009e-05,0.9816065173412196
see,15,0.0014756325448705445,0.9976162553116807,0.00019287842207121105,0.0007152337213775195
lecture,16,0.9721492576497274,4.4065251704593656e-05,0.027802074082946018,4.603015622000707e-06
landscape,17,0.999534897435645,8.989190282842547e-08,0.0004581964439759163,6.816228476299907e-06
outline,18,0.9170300292858292,8.997022495599156e-06,0.08291243917761902,4.8534514056108356e-05
gregor,19,0.9998958877505619,6.895905892829567e-06,9.213648660472377e-05,5.079856940425962e-06
samsa,20,0.9995655720147211,8.225073383836073e-06,0.00042194104076950204,4.261871125519419e-06
wake,21,0.998120243546085,0.001686437727271102,0.0001882229993736998,5.095727270255804e-06
sidelight,22,0.98578890317406,2.8919840979764844e-06,0.014203380604808847,4.824237033151522e-06
relativity,23,4.3651989079469944e-05,2.0651330641350112e-09,0.9999563435931463,2.352641150046264e-09
ether,24,0.00018178687072478725,1.0815366803561442e-08,0.9998180876670942,1.1464681411679382e-07
theory,25,1.392125839827748e-06,5.390920129121477e-10,0.9999986013064546,6.028613561006363e-09
relativity,26,3.564557031960908e-05,1.8347617867274101e-09,0.9999643505072509,2.087667741097978e-09
address,27,0.8357012462572366,0.007548562112117266,0.1566646669523391,8.552467830701462e-05
inaugural,28,0.9999418237712899,1.0585972924796207e-07,5.19912034952731e-05,6.079165485436413e-06
lecture,29,0.9810086415374616,8.553985857783873e-06,0.018981574716288314,1.229760392372001e-06
state,30,0.9997323845408911,1.2447225577125278e-06,0.00025178705981109944,1.4583676740097169e-05
act,31,0.9895242705986933,6.696822315751447e-05,0.010295174390425143,0.00011358678772391915
rapidly,32,0.4306831672087386,1.0629665972176392e-05,0.01869234877062406,0.5506138543546651
systematically,33,0.08026538714781578,8.493134659131148e-05,0.04078530620061143,0.8788643753049814
troubled,34,0.9977955081664306,0.0007228798003981986,0.0001680717069762309,0.0013135403261951642
dream,35,0.996982746422362,0.0029595484369068174,2.0001893241470265e-05,3.7703247489745435e-05
find,36,3.351144816876194e-06,0.9999962118072029,3.228550192061985e-08,4.047624783164016e-07
transform,37,0.0695004932859423,0.81577787008686,0.11461654850701265,0.00010508812018515582
bed,38,0.9995700593171108,0.0002641219559759291,0.00014482212120427921,2.0996605708879358e-05
horrible,39,0.7822746871318972,0.21541169174431388,0.0011099188372371436,0.0012037022865517798
hold,40,0.0010886531586452438,0.9989049139858186,2.359876234637559e-06,4.072979301589295e-06
professorship,41,0.9806141316202649,1.7940778756679695e-05,0.019358251282447787,9.676318530498133e-06
direct,42,0.6483067331739,0.0012688618901386427,0.34066076858685596,0.009763636349105454
deliver,43,0.0005791091130739388,0.9993603146196669,2.8294071107162595e-05,3.228219615199288e-05
may,44,0.015426880389304731,2.4156879748660863e-05,0.00032715783164156633,0.9842218048993051
th,45,0.6561603928914803,8.277853494780617e-05,0.3434845438246346,0.00027228474893712653
carry,46,0.0025144866638281862,0.9965460855903268,0.00010024755333276943,0.00083918019251212
finally,47,0.14064010123531548,0.0036690366586411907,5.9162133122007375e-05,0.8556316999729213
amount,48,0.02464584302608931,1.8448516621667202e-05,0.9316843401256608,0.043651368331628214
also,49,0.0005714352284527581,2.6349333922061235e-07,3.192602251809544e-06,0.9994251086759562
government,50,0.99923105594964,1.3988929035630461e-05,0.0006145967389528487,0.00014035838237155148
best,51,0.998280570089496,4.228479525158426e-05,0.00021076893597413764,0.0014663761792783074
governs,52,0.37815855857141656,0.00018347993515881154,0.621551424647039,0.00010653684638569943
men,53,0.9998877711010264,2.05381930939209e-05,2.481058160813743e-05,6.688012427169447e-05
vermin,54,0.9988082184022871,0.000292756760238589,0.0007750498980581345,0.00012397493941614297
lay,55,0.7673185609008097,0.23229246109799756,0.00011143919304280128,0.0002775388081499497
prepare,56,0.012728057160236424,0.9872097178207949,3.271947316765034e-05,2.9505545800837383e-05
kind,57,0.6037372284757796,0.04707118153119716,0.29267087476740233,0.05652071522562079
government,58,0.9997826221996463,1.2686302011146952e-05,0.00018409350686891988,2.059799147373278e-05
back,59,0.9907445183635438,0.008798650920636239,3.999961665183092e-06,0.00045283075415478884
lift,60,0.9967511877513124,0.0025724210747332748,0.0006443663741488459,3.202479980551632e-05
head,61,0.9999789653056117,1.908175082990965e-06,1.7705691147774707e-05,1.4208281575752993e-06
university,62,0.9997922083192623,3.6155476381351355e-07,0.0002011198141559814,6.310311818040078e-06
leyden,63,0.9988569799177692,6.896269037217659e-06,0.0010988749457380776,3.724886745548039e-05
come,64,8.581883129322825e-05,0.9999094696791228,5.507718841731834e-08,4.656412395544793e-06
little,65,0.9884076005403857,0.0010291963519887754,0.00013656100958789495,0.010426642098037474
could,66,4.308972036088115e-06,7.524889295392129e-06,6.052826112894971e-07,0.9999875608560573
see,67,0.0009743257023406853,0.9984101045539087,0.00028686391706629876,0.00032870582668447597
alongside,68,0.9908964826094233,0.00027538890152740606,2.566266558581528e-05,0.008802465823463486
idea,69,0.005716187315825824,0.0002727904808000852,0.9935296408459546,0.0004813813574194797
ponderable,70,2.641651422249802e-05,2.33249947576557e-06,0.9998781574942598,9.309349204197188e-05
practical,71,0.00037784999899659506,7.516778379059894e-07,0.9995672309969016,5.4167326263988785e-05
exercise,72,0.18089349901840437,0.000893346631847879,0.8179426115881192,0.0002705427616284861
chiefly,73,0.1571250693074767,3.034784273520014e-07,0.09227934490276538,0.7505952823113305
natural,74,0.15510079837787547,1.3441524102558951e-06,0.8444457116230855,0.0004521458466288592
history,75,0.9916901005054587,3.131308708680426e-06,0.008079223266731134,0.00022754491910156486
landscape,76,0.9909017511445319,1.2394138441493248e-07,0.009084178091854264,1.3946822229311069e-05
matter,77,0.000708852702318808,1.821903017987298e-05,0.9992513894919156,2.153877558578591e-05
derive,78,0.0003726121695433172,0.002871175592938029,0.9967192445444114,3.696769310709072e-05
abstraction,79,0.0037020585229136736,6.297691560354775e-08,0.9962968680913792,1.0104087914977467e-06
government,80,0.9976963096694347,1.3266553800411353e-05,0.0022504169878807432,4.0006788884210706e-05
best,81,0.998580323726379,4.424629587082273e-05,0.0005133422531969181,0.0008620877245533573
expedient,82,0.20499726039979307,0.002056006632290998,0.7365469234567426,0.05639980951117343
everyday,83,0.9578119611973351,0.0010190332365168646,0.040820853481201326,0.0003481520849466887
life,84,0.9982061946580933,0.00010113671190029414,0.0016209016201859609,7.176700982050242e-05
physicist,85,0.5310010059339093,4.976593693177003e-07,0.46899727005813463,1.226348586643157e-06
set,86,0.9878551415481528,0.0018862048744800414,0.009559615245942996,0.0006990383314241242
idea,87,0.02308005230056857,0.00027576849830618534,0.976010239934517,0.0006339392666082958
existence,88,0.11638150315418147,2.9678855147784535e-06,0.8824114476364565,0.0012040813238472896
brown,89,0.9996860341091973,9.9328118869605e-06,0.0002836959563859877,2.033712252974626e-05
belly,90,0.9995666304786263,3.310348309546302e-05,0.00033845251625401007,6.18135220242563e-05
slightly,91,0.5763215455611943,1.2780223054878146e-05,0.003892351055059785,0.419773323160691
course,92,0.9984828127163139,2.584038209830432e-06,0.001266549629963916,0.0002480536155123433
past,93,0.9967224461592917,0.00013348724509334683,0.00013581320906591796,0.0030082533865490374
year,94,0.9998083065404978,6.592927020406384e-06,3.161491740634094e-05,0.00015348561507544161
another,95,0.1582753388293173,3.6181021466261695e-05,0.0004232483293449225,0.8412652318198716
kind,96,0.0950731137706897,0.008088362247516254,0.8340856666243203,0.06275285735747373
matter,97,0.0005078723494525535,2.6609689490749612e-05,0.9994266254834516,3.889247760500183e-05
lay,98,0.6738126511875205,0.31890916358685995,0.006129394133036066,0.0011487910925833825
foundational,99,0.00021979749846648668,5.6150151714796786e-08,0.9997666188856718,1.3527465710000131e-05
element,100,0.0005024179794222586,5.8357225683711806e-08,0.9994850951745567,1.2428488795408292e-05
ether,101,0.00011156760773687538,1.1035256088311154e-08,0.9998881999517477,2.214052593736355e-07
explanation,102,0.00015183972999278778,1.06709365362545e-05,0.9997812362072982,5.625312617277292e-05
probably,103,0.0002140737876992127,1.1848555826317025e-06,4.2590070690323275e-05,0.9997421512860278
government,104,0.9980364796875051,2.2872527869410394e-05,0.0011428407416611672,0.0007978070429643568
usually,105,0.00010218869557850711,3.1504454020230874e-08,9.175542271779992e-05,0.9998060243772496
government,106,0.9980063475227817,2.4406730316890828e-05,0.0006504054901460476,0.0013188402567552073
sometimes,107,7.07155766025385e-05,3.2897794364342325e-07,5.45837467126628e-05,0.9998743716987412
inexpedient,108,0.006204771520102243,0.00025137193807185166,0.0031489213534142677,0.9903949351884116
objection,109,0.11781616048252781,0.012212501546927728,0.8621076241677951,0.007863713802749335
seek,110,0.00017447644437739346,0.9997877260398217,2.8603026588112785e-05,9.194489212758308e-06
phenomenon,111,6.523392684169831e-05,8.52525736414073e-07,0.9999176345381399,1.6279009282002956e-05
give,112,7.538543814272672e-07,0.999998916215322,1.6271104944928014e-07,1.6721924713196033e-07
art,113,0.9986633644517622,3.455740363727135e-05,0.0012417862383140533,6.0291906286488655e-05
sufficiently,114,0.00019821872100092244,3.219817793130996e-05,0.005438760132319195,0.9943308229687485
invite,115,7.037192361995873e-06,0.9999928140375633,1.7505794011509068e-09,1.470194950959588e-07
bring,116,1.0681554507375029e-06,0.9999989086172217,4.02852554535511e-09,1.9198801921880965e-08
stand,117,0.09120533608586771,0.9086958021908578,7.461367962955115e-06,9.140035531143785e-05
army,118,0.9998833751777048,1.872980027925797e-05,8.144008095694219e-05,1.64549410591267e-05
domed,119,0.9985546755425236,1.54845871130939e-06,0.001070627385622674,0.0003731486131423117
divided,120,0.997018605011528,7.081085051834243e-06,0.0027131039623528135,0.0002612099410673573
arch,121,0.9998849174595379,1.233483920861364e-07,9.704312328472372e-05,1.791606878535051e-05
rise,122,0.9368085842495938,0.0009633164073438911,0.0619735215821063,0.00025457776095600245
theory,123,6.131522838448836e-05,5.8249242700125214e-09,0.9999386139827195,6.496397173587953e-08
action,124,0.9668801369896353,2.7598549978302777e-05,0.03300268817307174,8.95762873145982e-05
stiff,125,0.9987724779084709,1.6180429161588175e-05,0.0009049175121939862,0.00030642415017353275
section,126,0.9983905636429106,8.907624872667114e-08,0.001558618054903483,5.07292259373551e-05
bed,127,0.9999409429811797,9.994829520543765e-06,4.213664743413756e-05,6.925541865430985e-06
distance,128,0.9976687963620525,4.707254186011589e-06,0.002294952975098779,3.1543408662601385e-05
property,129,0.9932526491899067,2.1739374864038237e-06,0.006608237468055506,0.00013693940455136264
light,130,0.9960159861099582,1.8677373182221663e-06,0.003762508468576689,0.00021963768414675575
hardly,131,9.211447671839762e-05,3.374095091244682e-05,4.2680058037159724e-07,0.9998737177717888
able,132,0.000764408468459068,0.002488434894875646,2.4864687697459553e-05,0.9967222919489679
cover,133,0.994646011357615,0.002612353275474529,0.0025496067556211475,0.0001920286112893111
lead,134,0.971111367687245,0.02249505937981509,0.005564293771608906,0.0008292791613310843
undulatory,135,0.00038628255319051174,1.8060554730093903e-09,0.9996098379561195,3.877684634557636e-06
theory,136,3.4419289514863686e-06,2.1612002149303896e-09,0.9999964977568788,5.815296943409666e-08
many,137,0.0011581523795194991,7.079980903131143e-06,0.00027611744618812013,0.9985586501933892
weighty,138,0.08930656133267584,0.0014825692082570208,0.8855067552658584,0.023704114193208736
deserve,139,0.00030760592102584757,0.9985326763251573,1.9386951128233997e-05,0.0011403308026886516
enter,140,0.004175438598254201,0.9957825975796781,4.066599044173971e-06,3.789722302355982e-05
real,141,0.9603141521939711,0.004539846657539023,0.027648341525887663,0.007497659622602131
work,142,0.8922933169130947,0.02074296006398646,0.07836120443193055,0.008602518590988466
accordingly,143,0.0005850409400919478,0.00010280223935785481,0.0003541880276951152,0.9989579687928551
propose,144,9.117664064648635e-06,0.9999170591129425,7.181781540225392e-05,2.0054075906772195e-06
follow,145,4.7534419275358785e-05,0.9999489409897476,1.2250039765953523e-06,2.299587000332526e-06
prevail,146,0.003950722850791636,0.9942824761180368,0.001068376405891835,0.0006984246252798045
may,147,0.0015694046460068747,5.627713423410046e-06,3.5388656448886474e-05,0.9983895789841208
also,148,3.811398273034392e-05,8.376835205526303e-08,1.7031671205237153e-07,0.9999616319322056
seem,149,2.4667503710445212e-06,0.011265851114179966,4.450895201826689e-06,0.9887272312402471
ready,150,0.3337957325566596,0.10136360737447425,5.8554962116945984e-05,0.5647821051067492
slide,151,0.9913557300977238,0.0024597158442163473,0.005904964533782003,0.0002795895242777374
let,152,0.0005164316621831188,0.9993843911531654,1.3028497067143786e-06,9.787433494468533e-05
u,153,0.9982494030628314,0.00021556136976762103,0.0012497204473049988,0.0002853151200960315
devote,154,0.08115323078897047,0.9182611017577837,0.0005540417560853091,3.1625697160403994e-05
moment,155,0.6980146789845592,0.1467843424135294,0.14795220730647551,0.007248771295435888
many,156,0.0037281753952601248,6.694690758804337e-06,4.111581539417118e-05,0.996224014098587
leg,157,0.9998180059310253,4.668907027284083e-06,0.00010630920797384878,7.101595397345971e-05
little,158,0.99232243838539,0.0002255811081112068,0.00030995899699670713,0.0071420215095021515
consideration,159,0.04868858868286944,0.00013134068983930124,0.9486859266256961,0.0024941440015952662
two,160,0.4977924679480061,3.3898846419093377e-05,0.0016988754960510469,0.5004747577095238
term,161,0.0865883910092243,4.26917029607336e-05,0.9112925727256643,0.0020763445621505986
give,162,1.3566812795519394e-06,0.9999977683606674,6.760610488508697e-07,1.988970040024632e-07
practical,163,0.0035974589269249435,2.5795512117416158e-05,0.9961159886718141,0.00026075688914360017
last,164,0.9784255892866313,0.0008119736949034584,4.1985014511847e-05,0.020720452003953446
bring,165,2.819946585854599e-06,0.9999971451874112,1.3998151405642202e-08,2.0867851513636902e-08
stand,166,0.10279571899622483,0.8971131173595032,1.1275103875125098e-05,7.988854039692357e-05
government,167,0.9994063376884061,0.00012077149211293642,0.00042855528213531663,4.4335537345649864e-05
stand,168,0.3002864268904778,0.699530569463461,2.7483713875240454e-05,0.00015551993218594566
army,169,0.999752143893403,1.0426285828691763e-05,0.00022034015839123128,1.708966237712608e-05
subject,170,0.024082528406012285,6.861537674034174e-05,0.9746923434521441,0.001156512765103293
outside,171,0.9613497874816999,0.0002707621765395872,0.00028108784972784783,0.03809836249203271
physic,172,0.9528554806491507,5.564413378313819e-06,0.0471102545317571,2.8700405713748526e-05
lead,173,0.9861232517420219,0.012680337242978543,0.001079405863699664,0.0001170051512998774
elementary,174,0.9926825089500079,2.1652232662034547e-06,0.007305556564662919,9.769262062986045e-06
study,175,0.10198520104000082,9.558111395468712e-05,0.8978231289415016,9.608890454283235e-05
know,176,5.599420463262819e-07,0.9999993601926879,6.3196284413211825e-09,7.354563719052515e-08
nothing,177,0.01678448759225155,0.9709633634403467,0.00012914625541971133,0.012123002711981998
action,178,0.9751635462346133,0.000184443402112312,0.024512484947194227,0.00013952541608027295
landscape,179,0.9995103004608673,1.1357556722948894e-07,0.00048470022862560507,4.885734940108339e-06
branch,180,0.9998060146266192,7.419444351801442e-07,0.00018359010985146592,9.653319094128943e-06
natural,181,0.828218572137544,2.559866409471758e-06,0.17149603357244764,0.00028283442359886815
pitifully,182,0.9856915997898836,0.002251841325745325,0.0005171670993787593,0.011539391784992364
thin,183,0.975402345066461,1.8171266574312862e-05,0.023592569414017977,0.000986914252946702
compare,184,0.0062959422012677764,0.9719194677707601,0.02141831799856013,0.000366272029411978
arm,185,0.9994258393884096,7.955761929751575e-06,0.0005523508021889777,1.3854047471639685e-05
standing,186,0.9995567881635589,9.311280240174521e-05,0.00020502260566941744,0.00014507642836978792
government,187,0.999813811235084,1.8050272267838092e-05,0.0001483472801885195,1.979121245956928e-05
distance,188,0.9947696003732394,4.548605258332126e-05,0.005138186244425714,4.6727329751578556e-05
try,189,6.603003937352797e-05,0.9999317413445026,4.180739046230682e-08,2.1868087334351024e-06
connect,190,0.07394249276273498,0.9255537704615379,0.00040218794154023166,0.00010154883418691454
history,191,0.9935951469220508,1.7184374781384624e-05,0.006195010049860458,0.00019265865330737682
form,192,0.03119817681658473,0.00027254092423735564,0.9676618589347575,0.0008674233244203743
kind,193,0.12064230627066065,0.00815879009794648,0.8498549303195593,0.02134397331183361
government,194,0.997409178316871,1.581054508403729e-05,0.002532383822481712,4.2627315563119415e-05
mode,195,0.11866137275025236,1.155132033078585e-05,0.8812210680440701,0.0001060078853468249
people,196,0.9986339041954817,6.160213787562395e-05,0.0008700271141450452,0.00043446655249763325
center,197,0.9993688092175488,2.0653688532733498e-07,0.0006285447721143177,2.4394734516592704e-06
footnote,198,0.8351200397342176,0.0001258408492306302,0.16432993957078793,0.0004241798457640253
lecture,199,0.9791002189185436,8.1957084735383e-06,0.020890634811993037,9.505609898037859e-07
art,200,0.9995921885856411,1.0121969742179706e-06,0.00040231720574325855,4.4820116414343735e-06
sec,201,0.9935741736409377,6.410940695338934e-06,0.006414446392342939,4.969026024042381e-06
cause,202,0.00298782056280804,0.0009478740074883122,0.9940803545539934,0.0019839508757102746
effect,203,0.00023481069148130606,1.1232991315868944e-07,0.9997582620163045,6.814962301184523e-06
experience,204,0.07748058135597835,0.0006099432298773403,0.9212460953901751,0.0006633800239691825
natural,205,0.01676552089084443,5.841564911110178e-07,0.9831762648702395,5.76300824250905e-05
object,206,0.00018035382677452697,1.1886014028453382e-07,0.9998167738592633,2.753453821842415e-06
afford,207,0.0014631592831188922,0.9917709236118079,0.00032596272818435505,0.006439954376888885
outset,208,0.9030703048192674,0.0013701624772228826,0.018988501284653066,0.07657103141885666
must,209,0.0003261130079907205,5.6656463879481134e-05,0.0002285502037419606,0.9993886803243879
shortly,210,0.9966698865938445,2.747102273138065e-06,5.57542857229426e-06,0.0033217908753100465
state,211,0.9997692277859584,1.3180824048229849e-06,0.00021403460443160263,1.541952720517809e-05
position,212,0.9970825835342164,5.837916197929247e-06,0.0024908383734215333,0.000420740176164006
landscape,213,0.9997487340556196,3.173498052663242e-08,0.0002480312203666886,3.2029890332484983e-06
paint,214,0.9995631849451442,0.0003087626371251462,0.00011608170123600472,1.1970716494821192e-05
animal,215,0.9852025003443614,6.71832759093995e-06,0.014603519484865218,0.000187261843182275
painting,216,0.9996573692996485,2.4237614536686916e-07,0.0003404544955046746,1.933828701464388e-06
size,217,0.9305531818817839,7.75071311278656e-06,0.06912194693373105,0.00031712047137227324
rest,218,0.9979915610674951,4.9105391974684954e-05,7.250786610947726e-05,0.0018868256744207382
wave,219,0.9109150954787696,1.725894262793797e-05,0.08904956299586689,1.808258273556718e-05
helplessly,220,0.7109473202658145,0.28749734434215074,0.00022206087063988912,0.0013332745213947767
look,221,8.925327410543476e-05,0.9999097468714429,1.36387484985078e-07,8.634669666516724e-07
whats,222,0.0349999982730616,0.9649407664477194,4.530922034065179e-05,1.392605887838041e-05
choose,223,8.916149597017927e-06,0.999987270890499,5.865299566723678e-07,3.2264299472722326e-06
execute,224,0.0004945342112535184,0.9994422167742445,2.1915763640710097e-05,4.133325086130511e-05
equally,225,0.0019717653250593084,0.0001162167703569256,0.0006319303917012466,0.9972800875128824
liable,226,0.6127321732622943,0.003012922462026193,0.10394972850816149,0.2803051757675181
abuse,227,0.9798549882090423,0.0028365902772282746,0.0167392824182277,0.0005691390955017254
perverted,228,0.9706472859260218,0.02557073323763709,0.003428591472893326,0.0003533893634479072
hold,229,0.0031144507294817666,0.9968728261308455,3.689896932120692e-06,9.033242740692948e-06
towards,230,0.9972624526040101,0.0001300190947732641,0.0003767191681671385,0.0022308091330495265
high,231,0.9986822405186365,1.0287278097520678e-06,0.0008037165189304627,0.0005130142346231888
u,232,0.9989476740527164,3.3175971321987326e-05,0.0006917073066675628,0.00032744266929388003
seem,233,4.1312463019228285e-05,0.08217589466613483,2.9029668898007763e-05,0.917753763201948
first,234,0.8325184190815148,8.644762453635574e-06,0.00012140921480235895,0.16735152694122898
happen,235,9.409126692547423e-06,0.9999399160301751,1.6054950848031203e-06,4.9069348047498646e-05
thought,236,0.0013599394266768305,0.0382201304426867,0.0017736443003906587,0.9586462858302458
wasnt,237,0.0036575309673194103,0.9927571590758073,0.0001482406691752343,0.003437069287697891
branch,238,0.9996658804469373,3.2913126688529808e-06,0.0002959407920577656,3.488744833608468e-05
art,239,0.9998517571917797,1.740963800011512e-06,0.0001411402964813926,5.361547938890998e-06
landscape,240,0.9997076305057835,4.707282367509427e-08,0.00028862718860637446,3.695232786577412e-06
mutual,241,0.9924282418732975,8.027423553741023e-06,0.007496379626350257,6.735107679855174e-05
action,242,0.9910569730499279,1.7796428622360227e-05,0.008868288966539193,5.694155491069289e-05
immediate,243,0.9858858464589444,0.000395564243980925,0.009224284596026996,0.004494304701047625
contact,244,0.9558097491459419,0.0008212408716237136,0.04256767151220348,0.0008013384702309857
eg,245,0.9817132743005818,5.316226522638713e-06,0.01825549725510111,2.5912217794461585e-05
communication,246,0.09241937789271715,7.789862389067934e-06,0.9075439098588752,2.8922386018404326e-05
motion,247,0.012346865981925413,3.52357000935733e-06,0.9876470854838106,2.5249642547010863e-06
impact,248,0.0988914552050361,0.0002993930906187283,0.9003508014024043,0.00045835030194081653
push,249,0.0025032856770883837,0.9974107706933523,7.362994686682703e-05,1.231368269243706e-05
pull,250,0.002187782119953011,0.9977707227918482,3.301665721823907e-05,8.478430980579967e-06
heat,251,0.7924567431707422,5.849319069923836e-05,0.2074462595910217,3.8504047536743425e-05
induce,252,0.00266805234248465,0.04805108933624921,0.9489279505960142,0.00035290772525199145
paint,253,0.9976132592658908,0.0011862603228978928,0.0011692220298609177,3.1258381350375504e-05
thoughtful,254,0.9617641198728933,0.011277013565883816,0.02449077448116834,0.002468092080054443
passionate,255,0.994894489731722,0.0013279521484607793,0.0036106587512359793,0.0001668993685812895
representation,256,0.009262797666795677,4.758870640424313e-07,0.9907266635322922,1.0062913848053399e-05
physical,257,0.002358544616991145,2.2757612585130168e-07,0.9976352991656272,5.9286412558050046e-06
condition,258,0.007727658308011658,1.0499783883394885e-05,0.9917199739424606,0.0005418679656442628
dream,259,0.998802910850647,0.0010112821190759993,0.00016371453635525475,2.2092493921846868e-05
room,260,0.9992617255719035,9.529137151654029e-05,0.0006334006207695073,9.582435810423064e-06
proper,261,0.41767415388251217,0.00024535432176016667,0.5626980497772615,0.019382442018466266
appoint,262,0.01125351965081269,0.98870332419083,4.050601357839514e-05,2.650144778909072e-06
human,263,0.0503353100573448,4.3278357570769036e-05,0.9495052247604655,0.00011618682461887996
existence,264,0.0808558491914869,4.800935891321372e-06,0.9181059274643905,0.0010334224082312752
people,265,0.9974568771597706,0.00010985402344041863,0.0017985697077040365,0.0006346991090848911
act,266,0.9723196860154836,7.348164206862706e-05,0.027564714575519293,4.211776692860526e-05
witness,267,0.9978895460904429,0.0013271132188927546,0.0007079237501517444,7.541694051247636e-05
human,268,0.4266835216339428,4.650149850233376e-05,0.5726936836154842,0.000576293252070743
room,269,0.9997910933389139,3.804120928463936e-05,0.00015221101989505462,1.865443190637216e-05
although,270,2.486225606368905e-05,4.852145235580526e-07,6.315047422092985e-07,0.9999740210246705
present,271,0.9956121286391812,0.00017003552360040278,0.0018656418544340774,0.002352193982784215
mexican,272,0.9989346613874981,5.458733248452039e-06,0.0009288805075659397,0.0001309993716875183
war,273,0.9995545261789297,1.0459019870824459e-05,0.0003703079188084838,6.470688239096872e-05
combustion,274,0.048726929780704364,2.4791118966752684e-07,0.951266072018355,6.750289750961453e-06
mean,275,0.06469991191223114,0.09927402888905215,0.8284607787719037,0.007565280426813005
flame,276,0.9879265413130374,1.1546968016446006e-05,0.012049784471626683,1.2127247319421162e-05
imitates,277,0.7921864099289321,0.002388459838882142,0.2043395373994799,0.001085592832705948
aspect,278,0.005502605746886452,1.690710158631709e-06,0.9943741532951648,0.00012155024779001693
record,279,0.9632706516126223,0.00014633626674249374,0.03645392308532017,0.0001290890353150582
phenomena,280,2.9428075698901802e-06,5.772813867600458e-09,0.9999969827907307,6.862888550028711e-08
visible,281,0.057511375110441645,2.0864344519751193e-05,0.9367485635426555,0.0057191970023830795
thing,282,0.014611757414793794,0.9795934656609834,0.005527242301960137,0.00026753462226269286
etc,283,0.09649434094009872,0.001098007929107892,0.8098879552975508,0.09251969583324275
true,284,0.11796327468349611,0.011821890231654373,0.8116879811074986,0.0585268539773508
even,285,3.1699155214951964e-06,7.779870632571121e-06,3.025806253450453e-06,0.9999860244075925
dangerous,286,0.6763711164746837,0.006118051366705869,0.047843603434549395,0.269667228724061
beneficial,287,0.005623196233734941,7.409777308244919e-05,0.9102100466030456,0.0840926593901369
men,288,0.9995942610740444,2.9752510838216267e-05,0.00016670548175100423,0.0002092809333663513
display,289,0.8441228154670168,0.0002392552341290381,0.15472820003781676,0.0009097292610373762
human,290,0.07317185486024477,1.5802915875992087e-05,0.9266994654605556,0.00011287676332358973
method,291,0.0002178331206791394,3.4212936190268134e-08,0.9997796974561439,2.4352102406738264e-06
little,292,0.9972757037158334,0.0001768078452275701,0.0003333059858985321,0.0022141824530405607
small,293,0.9966292562842971,1.5604964876373946e-06,0.0011841669504307675,0.002185016268784435
lay,294,0.8227811613149715,0.17685144559909574,0.00010713297440363688,0.0002602601115290559
deal,295,0.9534728467738512,0.04395793814759354,0.0022509069364656012,0.0003183081420897665
enjoy,296,0.0007452877424173129,0.9992288464767483,2.344087115859689e-06,2.352169371861449e-05
suffer,297,0.007500267877191417,0.990176327736886,0.0012162863226394668,0.001107118063283138
work,298,0.9024683703659332,0.01727657430447025,0.07204520094253948,0.008209854387057118
comparatively,299,0.011549107952329794,3.849406907786608e-07,0.0027967985440309575,0.9856537085629484
individual,300,0.7474410293697896,8.417499132344347e-05,0.15140187045991607,0.10107292517897086
peacefully,301,0.9930266799688208,0.001563068059179163,0.0001421228935149567,0.005268129078485157
four,302,0.8942587259155417,2.908173086331295e-06,6.037091587202965e-05,0.10567799499549987
familiar,303,0.2355756473719371,0.0036064949608028743,0.020164260362660155,0.7406535973045999
either,304,0.00021109001263775457,6.544161779837675e-07,1.6755047191068583e-05,0.9997715005239932
exemplary,305,0.9898519718795732,9.260450893039374e-06,0.005038958905575317,0.005099808763958546
deserving,306,0.9433980116092986,0.005315970437742139,0.001324701536582495,0.049961316416376696
sympathetic,307,0.9831742560195006,0.0014538826113470657,0.005669507935967013,0.009702353433185335
contemplation,308,0.9465384051157565,2.266453712146939e-05,0.053430250346110195,8.680001011768077e-06
animal,309,0.9828209647295243,7.176767699084923e-06,0.01696273918008298,0.00020911932269355348
wall,310,0.9999057814439167,1.4583272311693817e-06,8.372974245856374e-05,9.030486393574597e-06
collection,311,0.998197030603931,4.508319507776873e-07,0.001784616617676473,1.7901946441733626e-05
textile,312,0.99853325661738,7.788915348763093e-07,0.0014518804759903433,1.4084015094809006e-05
use,313,0.07309061228692162,0.014476322181695471,0.8987260309891039,0.013707034542278838
stand,314,0.6077497714801753,0.39191683375507647,8.307399903636658e-05,0.00025032076571189515
government,315,0.9993914869406005,1.3921783269223454e-05,0.0005676695795279559,2.692169660211031e-05
sample,316,0.36918811722103184,6.842247785023343e-05,0.6305915370394474,0.00015192326167065833
lay,317,0.9272138783661276,0.07236843637352118,0.00017716815098474934,0.0002405171093664797
spread,318,0.9670224188748683,0.0005377092262332374,0.031503797596303944,0.0009360743025946214
everyday,319,0.9542323527943749,0.001096885538963291,0.044333439997536854,0.00033732166912488415
experience,320,0.7128203137943798,0.001181195419386979,0.28446457736599917,0.0015339134202339213
weight,321,0.056072065273369824,4.044880078257701e-06,0.9437884076773646,0.00013548216918733173
sense,322,0.002298576173757356,0.00014383230346371871,0.9974629186396035,9.467288317532233e-05
action,323,0.7966218539060471,4.849076674685549e-05,0.2031673480484858,0.00016230727872022153
distance,324,0.9637026954546629,1.1891716535768955e-05,0.036222992761459634,6.242006734175625e-05
tool,325,0.06479157221458609,2.5669605892188158e-05,0.935097205346133,8.555283338873829e-05
outset,326,0.9617221534746198,0.0002914069474512377,0.01350431442564145,0.024482125152287596
people,327,0.9972966521444309,8.485468621522365e-05,0.0008213744063501155,0.0017971187630038343
would,328,0.00023580264951452337,6.507570739905175e-05,5.08428068642067e-07,0.9996986132150177
consent,329,0.9655259511156836,0.0007686587745897974,0.032567683584828595,0.0011377065248980636
measure,330,0.0025467633040698774,6.625371935901045e-06,0.9973992508793944,4.736044459978561e-05
american,331,0.9993821656417757,4.563088576025966e-06,0.0005920802601152697,2.1191009532951222e-05
tradition,332,0.9886876918490358,5.314305619671885e-06,0.011083785673727567,0.0002232081716169655
table,333,0.9989875638293272,3.399771700464378e-06,0.0009976495582802423,1.13868406920391e-05
samsa,334,0.9997292119247247,6.724763994515464e-06,0.000260510084076513,3.5532272042517887e-06
travel,335,0.9931452980817611,0.006432711809629303,0.0002515326885955485,0.00017045742001396761
salesman,336,0.9999415501946171,2.9708584762997247e-06,5.223420651005198e-05,3.2447403964181476e-06
hung,337,0.9998939818951534,5.675467019561585e-05,1.1133870335280552e-05,3.812956431554993e-05
picture,338,0.9991175849222355,1.4482668536785292e-05,0.0008196333234510581,4.829908577658855e-05
play,339,0.9689248186224005,0.030617142045265916,0.000129487766428332,0.0003285515659051951
important,340,0.41283915474410704,3.4289596848718075e-05,0.04281247985182384,0.5443140758072204
part,341,0.9619401374936605,1.1517945419185824e-06,0.0007496057981293737,0.03730910491366817
though,342,3.100344387286475e-06,7.674467603543477e-07,5.309842413390871e-08,0.9999960791104282
recent,343,0.09822895235720822,8.256730080686226e-06,0.013901313022210445,0.8878614778905007
one,344,0.0041945118039297255,2.5043431097673452e-06,2.0700606843108236e-05,0.9957822832461174
endeavor,345,0.7181398304544885,0.002739253160007014,0.25594243077084355,0.02317848561466101
transmit,346,0.02300692126683134,0.029895655526311567,0.943642204175412,0.003455219031445063
unimpaired,347,0.0562516109278177,1.9159293725603187e-05,0.9387551720125352,0.004974057765921388
recently,348,0.2093720305560711,8.46187011378961e-06,0.00043172894444725834,0.7901877786293678
cut,349,0.9945116255216443,0.0032228259633735106,7.729977627609597e-05,0.0021882487387061
illustrated,350,0.9992651155486719,5.0188965172295285e-06,0.0007246048941949417,5.260660615923592e-06
posterity,351,0.9943032313288683,0.0005590409383681216,0.0011113447397175745,0.004026382993045941
instant,352,0.9697686862454711,0.00016756670258613469,0.02947506567827134,0.0005886813736716036
losing,353,0.9997894184074668,0.00018826708028114628,8.783012600706085e-06,1.3531499651216993e-05
integrity,354,0.8946538190109964,7.670151955444161e-05,0.10507438934007206,0.00019509012937696504
vitality,355,0.9651783524293036,2.527601120482108e-05,0.034479333401245565,0.00031703815824583637
force,356,0.9976381783384811,1.3752081463219183e-05,0.0023333943845411913,1.4675195514671958e-05
magazine,357,0.9997214604078904,1.0524805499161417e-06,0.0002744015930421482,3.085518517547136e-06
house,358,0.9999947770288777,1.2830587366795426e-06,2.922279805785645e-06,1.01763257966598e-06
nice,359,0.9986627403758332,0.0011567469712843775,4.0510494039750316e-05,0.0001400021588426086
single,360,0.9980176492795447,1.9187542780126686e-05,0.0005640280372698905,0.0013991351404051874
living,361,0.9997319272873563,4.464488061140298e-05,0.0001494342481934288,7.39935838388801e-05
man,362,0.9999747751961308,8.260354352921636e-06,1.1524954982448977e-05,5.439494533842326e-06
gild,363,0.9994988373523104,0.0002901053676438382,0.0002047143507057113,6.342929340154331e-06
frame,364,0.9786381875264452,3.984745693835754e-06,0.021332611477261645,2.521625059932384e-05
show,365,0.9967198204027152,0.0029166281356476633,0.00032613853455984947,3.741292707727533e-05
lady,366,0.9999664220164137,2.724777787311204e-05,4.725078952797052e-06,1.605126760410513e-06
fit,367,0.09226533050537097,0.8908243574777979,0.008374734018913288,0.008535577997917942
fur,368,0.9998591880151375,4.137014628230931e-06,0.00012695203662779796,9.72293360628391e-06
painting,369,0.9995874605481192,4.677440437464563e-07,0.00040964270112118926,2.429006715861687e-06
investigates,370,0.9449729646901072,0.0008180352425955326,0.05420306380314919,5.93626414824773e-06
law,371,0.9965996875110479,1.0263393887222189e-05,0.003385285433120896,4.763661943979937e-06
hat,372,0.9999853159320289,1.4185003874850613e-06,1.0896757877472361e-05,2.3688097062271064e-06
fur,373,0.999917348511693,1.11146341432043e-06,7.564888128473234e-05,5.891143607881305e-06
boa,374,0.999968605821636,2.2495423240481526e-06,2.617278484459604e-05,2.9718511951174745e-06
single,375,0.9977066214490229,2.8353919708240505e-05,0.0006494398281308146,0.0016155848031378759
man,376,0.9999554340352983,2.0902230713521307e-05,1.5988067954265062e-05,7.675666033847234e-06
bend,377,0.9995488930029242,0.0003430494415161479,0.00010421330498273657,3.844250576871878e-06
sit,378,0.013002984461688957,0.9869921546241823,1.3481672998596556e-06,3.5127468287611924e-06
upright,379,0.9973224258293218,0.00017575245823380343,0.0022890240269069126,0.00021279768553743593
raise,380,0.013987917414641919,0.9859544216098183,3.724911690428423e-05,2.0411858635352436e-05
great,381,0.99795694316934,2.7041749507631236e-05,0.00022702884994982742,0.0017889862312025653
less,382,0.009062510310313373,1.725589330785404e-06,0.000571977853602239,0.9903637862467537
nobility,383,0.9977404356902516,1.6786762540511195e-05,0.001276039872972862,0.000966737674234982
heavy,384,0.9977218462149381,1.2093135423720345e-06,0.0014305750486586287,0.0008463694228609548
fur,385,0.9999047271711308,1.2589584039802203e-06,8.525308463230051e-05,8.760785832727992e-06
muff,386,0.9999574197906382,2.053423181910328e-06,3.810276908543876e-05,2.4240170944884292e-06
cover,387,0.9990114614736326,0.0006656185126219665,0.0003136856354126666,9.234378332751502e-06
whole,388,0.9609499412379184,6.067040848213123e-05,0.001632372453764395,0.037357015899835096
low,389,0.9745492980885013,4.280377497349872e-07,0.024557369308550032,0.0008929045651988857
arm,390,0.9995848935080537,1.771745893289991e-06,0.00040451920286254344,8.815543190425966e-06
towards,391,0.9985094784614335,3.019072594772701e-05,0.0003826731668192815,0.0010776576457995398
viewer,392,0.8257337203188497,0.0015238142287769274,0.17249499298688437,0.00024747246548903744
character,393,0.9815186684987038,9.36292921231827e-05,0.01794508874542985,0.0004426134637431001
organic,394,0.010238368323464876,3.8083146591482255e-07,0.9897380802572924,2.3170587776846238e-05
form,395,0.029900236097955966,0.00013469002235816512,0.9677731471293178,0.0021919267503680002
since,396,0.12336164832472796,6.841815982456548e-06,0.0007685603831620157,0.8758629494761276
daily,397,0.9996482846943887,3.1051322136617085e-06,0.00028926406111373355,5.9346112283894216e-05
experience,398,0.9202346388872231,0.0024913651678088967,0.07444997703887238,0.002824018906095543
gregor,399,0.999573745945953,6.753113184595103e-05,0.0003416016031222349,1.7121319078865788e-05
turn,400,0.15181016858286767,0.846232545590422,0.0003907130467958977,0.0015665727799143154
look,401,0.0002064942316170043,0.9997885657506235,2.397979362910477e-06,2.542038396586115e-06
comparative,402,0.00700876234543419,5.202954473496667e-07,0.992988636539887,2.0808192315497435e-06
anatomy,403,0.03914528222693543,2.7232052849968635e-06,0.9608461851790797,5.80938869968941e-06
examines,404,0.0024430459363217988,0.0001055930337997183,0.9974501882742167,1.1727556618796331e-06
weight,405,0.005272930871168055,2.303228752091726e-06,0.9946845956900936,4.017020998629912e-05
body,406,0.12434608971332559,1.4130597598440175e-05,0.87550992931555,0.00012985037352591252
meet,407,0.00200656814758096,0.9979778719637619,1.0202195637975324e-05,5.35769301913509e-06
sort,408,0.06519826013267203,0.13587643162258298,0.7605124189440853,0.03841288930065973
wooden,409,0.9994659408953038,4.812335300559715e-07,0.0004179671982890707,0.00011561067287708742
gun,410,0.999739456733743,1.3319053852206312e-05,0.0002319432169187094,1.5280995486255213e-05
people,411,0.996573431084068,9.543417674609529e-05,0.0005136294056571927,0.0028175053335286714
less,412,0.0030921461301641243,4.3013537683134904e-07,0.0003341367815005638,0.9965732869529585
necessary,413,0.007695362541598292,0.0002147030086899229,0.23358069705396192,0.7585092373957498
window,414,0.9997178628641882,4.528691491118584e-06,0.0002430416686953506,3.4566775625241226e-05
dull,415,0.9953054515643178,0.00023163972522758768,0.001501948511564153,0.0029609601988905437
weather,416,0.9995495749706219,1.0688564714110945e-05,0.0003926445285034051,4.709193616066544e-05
u,417,0.9983861891735109,7.063079353367217e-05,0.0014147459915231312,0.00012843404143239834
something,418,0.0007983517858344894,0.9982242782491347,5.506774218422382e-05,0.0009223022228465279
constant,419,0.004097423152740563,1.9447096369373186e-06,0.9958673221236025,3.3310014020009794e-05
