token,id,G1,G2,G3,G4
duty,1,6.0377507678708597e-05,2.061911978358555e-07,0.9857551861606965,0.014184230140427042
civil,2,1.283901904283361e-06,1.221627303191769e-10,0.9999864644364779,1.2251539455155104e-05
metamorphosis,3,0.009940857053071907,2.053135560710947e-08,0.0007166338351603163,0.9893424885804122
disobedience,4,0.024188742695893776,4.117332475212247e-05,0.7719512566972921,0.20381882728206188
sidelight,5,0.0070344314773613985,1.2290969977657467e-08,0.37162528800139805,0.6213402682302707
heartily,6,7.279158998139994e-07,0.4736787133488462,0.002601056810040173,0.5237195019252139
relativity,7,0.999999944667232,4.910881388289763e-14,3.3067574728508896e-08,2.2265144271165922e-08
one,8,6.130868295109292e-07,4.365863895187811e-07,0.9999858168996936,1.3133427087335976e-05
lecture,9,0.07402957504367849,2.5603732780497466e-08,0.8966424301555336,0.029327969197055142
ether,10,0.9999834666873597,3.0578013910679056e-12,1.1052621915860437e-06,1.542804739103441e-05
theory,11,0.9999999996267823,1.3696860588944575e-14,3.4138979755259894e-10,3.181432085957244e-11
accept,12,3.288076697952537e-10,0.9999999941500919,5.487395806594152e-09,3.3704497044006864e-11
motto,13,0.0007800703224312178,5.43270349369163e-06,0.6846682929372725,0.31454620403680256
government,14,6.66316931877057e-08,4.5459301119483313e-10,0.9999999185659266,1.4347787145921261e-08
landscape,15,0.0002675628087472882,2.0278739737988385e-11,0.9569207225576025,0.04281171461337149
best,16,2.2652883984310663e-06,5.949811634173213e-07,0.19589883732950028,0.8040983024009378
relativity,17,0.9999999430640565,5.0546362662378155e-14,3.4266158761218896e-08,2.2669734312529044e-08
morning,18,1.5325383704263243e-09,3.051949168158197e-08,0.008082206668419826,0.9919177612795501
address,19,0.010012961904493467,0.00035664770500675017,0.9894698764276746,0.00016051396282521903
governs,20,0.6758235376365771,1.754671834954786e-06,0.3241744195399268,2.881516610674151e-07
least,21,2.9861918347955208e-05,6.808661404573892e-07,0.9999674849833249,1.972232186703946e-06
deliver,22,4.9455412501347864e-08,0.9999983399530474,1.5820254715050275e-06,2.8566068487158666e-08
like,23,1.4042834187784054e-05,0.998768287711201,9.44163542687117e-05,0.0011232531003425078
gregor,24,3.464853973466181e-07,4.607932487600687e-09,0.000901688649848124,0.9990979602568221
may,25,0.00011684522433675066,6.003596085488885e-05,0.9995648455251717,0.00025827328963670736
samsa,26,4.852028331036126e-06,7.777102982798983e-09,0.0017021522609097176,0.9982929879336562
outline,27,0.9312828384928438,3.79683149958511e-08,0.06618605591303943,0.002531067625801764
inaugural,28,1.6715926139009616e-08,3.4409869428080952e-12,0.9999270766768353,7.290660379744856e-05
see,29,1.1032948079163408e-06,0.9999922038203687,6.603844271997696e-06,8.904055138217527e-08
wake,30,3.5736359974537187e-06,0.0002653924222514718,0.9428758113945657,0.05685522254718539
lecture,31,0.07094112721808327,2.5499463760020327e-08,0.8999206692190365,0.029138178063416443
act,32,0.009604009232615373,8.104218461304099e-07,0.98843533457793,0.0019598457676084547
state,33,1.3927850813754198e-07,2.6894670994605838e-11,0.9999998423918901,1.830270719335778e-08
hold,34,1.6320649262031788e-09,0.9999818046754723,1.8165173793965144e-05,2.8518668735047038e-08
troubled,35,5.961290725404749e-06,2.4965878629539187e-05,0.03193388714101112,0.9680351856896339
professorship,36,0.008071630832143925,3.1873087509267027e-09,0.990608916051123,0.001319449929424221
th,37,0.3290229741897687,1.3542262918861605e-08,0.6635732642829505,0.007403747985017849
dream,38,1.2752177866455013e-10,9.023911907876704e-08,1.1815351754187814e-05,0.999988094281605
find,39,1.6437670486000704e-12,0.9999999993455791,2.1004329327739295e-11,6.3177274206331e-10
transform,40,0.6417357064092477,0.35018173691971904,0.007777163200515018,0.0003053934705182587
rapidly,41,0.013383787395729296,1.0397532178249157e-07,0.9866136023055808,2.5063233681560617e-06
university,42,9.257990942086976e-07,7.541197197648376e-12,0.9999959569661505,3.1172272140334763e-06
bed,43,1.6150014176742823e-07,1.0156767891119635e-08,0.0009659142266159012,0.9990339141164744
leyden,44,0.0004544813303217751,1.8228889041751788e-08,0.9353696111302255,0.06417588931056366
horrible,45,8.337166798466304e-08,1.7355072649351242e-05,1.3508881075060923e-07,0.999982426466872
vermin,46,1.180554617415103e-06,1.207312864298248e-07,6.747160019252896e-05,0.9999312271139037
come,47,7.255728071664428e-13,0.9999999785963943,2.45591312581858e-09,1.8946966982498126e-08
lay,48,1.6642119050075447e-06,0.1753643875823876,0.8210225421356185,0.003611406070088929
alongside,49,2.185349006010359e-10,5.998635180891097e-07,0.9913791028380193,0.008620297079927727
systematically,50,0.6379304921887567,3.0259835257448428e-05,0.36203560577024213,3.6422057436944436e-06
idea,51,0.9996007307046131,5.094933156703274e-05,0.00018703374876025578,0.00016128621505954468
carry,52,1.6019299032265616e-07,0.9998788863870589,0.00012079972790442132,1.536920461416935e-07
back,53,1.2260505581682414e-08,0.011366742865787474,0.9788156971875577,0.0098175476861493
finally,54,5.8359632282977385e-08,0.001299164890041953,0.998558446915692,0.00014232983463380517
amount,55,0.9950824893907466,6.369176517828902e-08,0.004917001639138529,4.4527834972763674e-07
direct,56,0.367394293902881,3.2525953571906675e-06,0.6325561314248804,4.6322076881469305e-05
also,57,2.6995638908434644e-06,4.552938296359671e-06,0.9999804399417266,1.2307556086297677e-05
practical,58,0.9999891155181252,5.57485067109352e-09,8.479825892043478e-06,2.3990811319749183e-06
ponderable,59,0.9999995893827823,2.6058298952783156e-07,2.412224826954823e-08,1.259119797484787e-07
matter,60,0.9999942779530695,7.800407016457633e-07,1.2635071378142778e-06,3.6784990910319537e-06
lift,61,0.0008840922813953958,0.00566086124681521,0.9161858137907719,0.07726923268101746
exercise,62,0.17574111393747752,8.849851766597896e-05,0.8221916511727198,0.0019787363721366614
head,63,5.442193078745216e-07,3.0740880490190695e-09,0.9898294948063885,0.01016995790021568
derive,64,0.9914588871570856,0.00852743459176265,1.3662660930980148e-05,1.5590220767258223e-08
government,65,6.672187619828677e-08,4.480444075796898e-10,0.9999999182959721,1.4534107306314408e-08
chiefly,66,0.006004536210980498,2.0017760316174363e-10,0.9939671709198193,2.8292669022494406e-05
abstraction,67,0.9999456183515059,1.4939412022909603e-11,2.5943339954641283e-05,2.8438293600201122e-05
little,68,2.6434061194756214e-07,6.992862045275198e-07,0.009131759545623761,0.9908672768275598
everyday,69,0.004876854284044126,1.4328056954573286e-05,0.001733351754152831,0.9933754659048485
life,70,1.0448002120645955e-05,3.693922064195477e-07,0.0013158197345208066,0.9986733628711522
physicist,71,0.7569977702555502,1.7595420692642503e-10,0.2388716808761534,0.004130548692342172
natural,72,0.9509647772875469,1.6642346540618902e-09,0.048818847630084296,0.00021637341813401196
best,73,2.205330614378113e-06,5.90329651088701e-07,0.18347465906680546,0.8165225452729291
set,74,0.00011105195720115836,0.0005132560706279445,0.9973063505257772,0.0020693414463936305
could,75,1.7186975446206536e-06,0.9999683109186396,2.9961111244523708e-05,9.272571202277114e-09
governs,76,0.683239975926859,1.729976641177178e-06,0.31675801414243915,2.7995406063309744e-07
men,77,8.395286711637994e-08,1.1263680791016437e-07,0.03695706771229118,0.9630427356980338
prepare,78,6.201558376098507e-08,0.9996894484957901,0.00031022508554481745,2.6440308141353246e-07
history,79,5.719140677086701e-06,2.1816689638054061e-10,0.9999795066489842,1.4773992171900342e-05
landscape,80,0.000268150370442623,2.1356314271564845e-11,0.9552055508167753,0.044526298791425736
idea,81,0.9996020721780864,5.067694873405695e-05,0.00018093235493356374,0.00016631851824608866
see,82,1.1282618826437483e-06,0.9999924158827507,6.365183461344901e-06,9.067190534627506e-08
brown,83,1.5420693981181688e-07,3.3048362067439675e-09,0.0018892022649096933,0.9981106402233142
belly,84,7.874811356121944e-07,2.9191064838699907e-08,0.0002207235007011526,0.9997784598270985
kind,85,0.6540055744433684,0.01847226441614411,0.0012216586438612525,0.32630050249662634
existence,86,0.8569233876902025,1.2434387920483059e-08,0.14305878354892926,1.7816326480260046e-05
slightly,87,0.03208493775254608,5.728002647779569e-06,0.9453182811072891,0.022591053137516963
government,88,6.382947371692861e-08,4.391404363571888e-10,0.9999999214703795,1.4261006400445031e-08
domed,89,0.0005424344394390705,3.812245071962008e-09,0.9899297656659091,0.009527796082406685
government,90,6.394336682241015e-08,4.334886496632308e-10,0.9999999219490656,1.3674078938319427e-08
best,91,2.285709231736672e-06,5.917770905921531e-07,0.20381146780309306,0.7961856547105847
divided,92,3.548471228003496e-05,4.6530809928108004e-10,0.9999641689196588,3.459027531232689e-07
course,93,2.540772810560936e-05,8.105780233923987e-10,0.9999655086414672,9.082819849267418e-06
expedient,94,0.9975934594674566,0.0011126751592246493,0.0012008624305889623,9.300294272977703e-05
government,95,6.377005618193366e-08,4.3179651746260047e-10,0.9999999222397427,1.3558404647851786e-08
usually,96,0.7798284711286879,2.789162393791322e-05,0.22009914968571265,4.4487561661491706e-05
government,97,6.35241591055534e-08,4.2983441023025296e-10,0.9999999227294089,1.3316597709315721e-08
arch,98,3.1996858425535065e-06,7.508963318356919e-11,0.98014167913858,0.019855121100487875
sometimes,99,0.8285680963142577,0.0022202647945204134,0.16309157717958817,0.006120061711633886
past,100,1.3596636423859638e-06,6.62599403107372e-06,0.9991328231027498,0.0008591912395768065
inexpedient,101,0.1732013403260756,0.12741300594460486,0.6990892258614487,0.0002964278678708199
another,102,2.883359601991735e-06,4.24198619479335e-06,0.9996326658170015,0.00036020883720175914
kind,103,0.6611122883226729,0.018135094289949097,0.0012276638347126934,0.31952495355266536
stiff,104,0.00011916569854136999,1.836396343533981e-07,0.007716754392747144,0.9921638962690771
year,105,8.899031202753265e-09,4.900190030778246e-09,0.9995842677264271,0.00041571847435168606
section,106,5.997437103199431e-05,2.5641878476596667e-12,0.999935371792898,4.653833505792167e-06
matter,107,0.9999941011875066,8.026978606708793e-07,1.2436602386790577e-06,3.852454394004165e-06
ether,108,0.999983672556856,3.0073572482240806e-12,1.0423749426551195e-06,1.5285065193916062e-05
objection,109,0.930657080704215,0.0010770932499260966,0.06778652174851472,0.0004793042973442585
explanation,110,0.9999993662612733,1.9679235136587732e-07,2.8418393516802966e-07,1.527624401469516e-07
bring,111,4.1590096973995185e-13,0.9999999993624221,4.794277875207197e-10,1.5773421171910674e-10
bed,112,1.8225064399086058e-07,1.0523696060726022e-08,0.000984639175729194,0.9990151680499308
stand,113,8.766164232931084e-08,0.8423054231056996,0.042584215459040335,0.11511027377361792
lay,114,1.7397233433250516e-06,0.1793828116626715,0.8170692067519145,0.003546241862070524
army,115,1.832410037932739e-07,2.2807932508618425e-09,0.9999457872427998,5.4027235403159743e-05
foundational,116,0.999934569574674,7.265263204258216e-11,6.541674991660513e-05,1.3602756769448616e-08
element,117,0.9999019760940934,7.613171717535617e-11,9.678126896443463e-05,1.2425608103962877e-06
hardly,118,5.970407253304571e-06,0.9977663036858466,0.001472803867917918,0.0007549220389820714
probably,119,0.006697971703133301,0.006953929378340488,0.9851550475642163,0.001193051354309997
art,120,1.821335722426778e-05,2.0178909488049877e-09,0.548934497415939,0.4510472872089458
seek,121,3.600274389389348e-09,0.9999995498356787,4.4283545795828723e-07,3.728588875972161e-09
able,122,3.116498168100873e-07,0.9999845373244214,1.5134069617035004e-05,1.6956144727332997e-08
sufficiently,123,0.9990580352302668,0.0005698790498571265,0.00037198752336563544,9.819651057174341e-08
invite,124,1.761974769792677e-14,0.9999999910136472,4.356795900776314e-09,4.629539226279069e-09
many,125,0.00013047126005987463,5.405022696012448e-05,0.9998023757666378,1.310274634221707e-05
phenomenon,126,0.999999983303777,5.550357256009655e-12,1.1792120824119934e-08,4.898551713358466e-09
weighty,127,0.7949417695680436,2.039601994131206e-05,0.00043657001523544404,0.20460126439677953
give,128,5.152024595146284e-12,0.9999999999635866,1.915163535231818e-11,1.2109814029652066e-11
enter,129,1.2634523667411121e-09,0.9987221624760726,0.001277654327804198,1.8193267088761394e-07
cover,130,6.054371275742124e-05,4.1443993735667955e-05,0.03489702117974599,0.965000991113761
deserve,131,1.5426732996407824e-09,0.9999969907356558,1.5976632898350627e-08,2.9917450379831968e-06
seem,132,2.2614532550880617e-08,0.9999999768299589,3.6633485722237245e-11,5.188750195190733e-10
ready,133,2.1219198247841513e-07,0.902817776016442,0.012646123569078743,0.08453588822249683
slide,134,0.0008263740007439584,5.311313266373544e-06,0.017780660300405784,0.9813876543855838
real,135,0.02218241912360641,0.00012752222188450342,0.823200728784294,0.15448932987021521
rise,136,0.1091514965832299,0.0002676529032360171,0.8876396032866768,0.002941247226857218
theory,137,0.9999999996131027,1.4142334006136381e-14,3.540457880545069e-10,3.283738549893988e-11
action,138,0.024311741027990705,4.62902428787151e-07,0.9705185277604195,0.005169268309161
distance,139,0.0003126377782190045,5.661806492681497e-09,0.9996704372353405,1.691932463396201e-05
moment,140,0.19826186661089862,0.018096080346407403,0.006010229492644306,0.7776318235500497
many,141,0.00011892861305555051,4.73036270138736e-05,0.999821727149038,1.2040610892477207e-05
leg,142,1.154435327903925e-06,8.925603115536855e-09,0.8642230971286086,0.13577573951046049
work,143,0.18111918959653306,0.0006925110495884438,0.7647059430494973,0.05348235630438104
accordingly,144,0.0983837463657742,0.017929536731377645,0.883686577874046,1.3902880212106464e-07
prevail,145,0.00047434810362708926,0.9991863869165435,0.0002984570251476877,4.080795468183114e-05
may,146,0.00010982938862905245,5.5897245693737894e-05,0.9995865692291492,0.0002477041365279526
property,147,0.0008916066579647507,5.349415070243208e-10,0.9990999624972946,8.430309799127289e-06
light,148,0.003021252656425855,3.993976861312538e-09,0.08884129059402382,0.9081374527555734
pitifully,149,2.3748834235395635e-05,0.0006188465397055783,0.0011451449345304325,0.9982122596915285
also,150,2.567300635652933e-06,4.8353728131342825e-06,0.9999795678377479,1.3029488803387545e-05
last,151,1.2184283382529184e-09,4.033958410290333e-07,0.9983781784409071,0.0016214169448234902
propose,152,4.932637139093917e-06,0.9999950382096903,2.9058177699486122e-08,9.499316993378049e-11
thin,153,0.02742359412838378,2.195347237042422e-08,0.0012581095735260403,0.9713182743446179
bring,154,3.855281015526231e-13,0.999999999377487,4.667208477719981e-10,1.554067537123216e-10
follow,155,1.617354094904244e-08,0.9999981363605767,1.634220696041934e-06,2.1324518631424442e-07
lead,156,0.00013460723945247824,0.010968636715286985,0.8566505618705081,0.1322461941747524
term,157,0.7493199497346298,1.773096543629774e-07,0.25066107124227893,1.880171343694145e-05
give,158,5.453264797664785e-12,0.9999999999614353,2.0482124125679872e-11,1.262935589194152e-11
undulatory,159,0.9999987842664286,2.3755552781955107e-14,1.1960848603556427e-06,1.9648687395881864e-08
practical,160,0.999989351413184,5.979804191634899e-09,8.209938361684224e-06,2.4326686501058203e-06
theory,161,0.9999999996424521,1.3701684009697662e-14,3.2706793849371327e-10,3.0466244129882364e-11
lead,162,0.0001347002713830264,0.010687349783338062,0.8602276016649985,0.1289503482802805
elementary,163,0.0003649387928976932,2.2705110031147232e-10,0.9970937636135926,0.0025412973664586617
compare,164,0.010633160343416706,0.9893652550186897,1.2327225959316966e-06,3.5191529769369116e-07
let,165,3.618579374857721e-11,0.9999992775784028,4.047194564504809e-09,7.183382168277945e-07
size,166,0.8166977019348615,4.74546747707656e-08,0.18201251014343145,0.001289740467032304
rest,167,2.977289848468724e-07,1.9713301474366866e-07,0.9999248421987504,7.466293924989621e-05
u,168,2.605950804865001e-05,8.736482667118461e-08,0.9973159009416607,0.002657952185464005
stand,169,8.198057070827373e-08,0.8446479318739964,0.042456722458930236,0.11289526368650271
government,170,6.756307730123247e-08,4.813166876236662e-10,0.999999917546805,1.4408801132986214e-08
devote,171,9.537399256924168e-05,0.967368941856084,0.031677707616047275,0.0008579765352996495
little,172,2.672352346080445e-07,7.539993769928731e-07,0.009674990529999546,0.9903239882353888
consideration,173,0.9914418245535418,4.455662193317763e-06,0.008552387317866146,1.332466398762975e-06
stand,174,8.542644331676062e-08,0.8403579451026658,0.043939323607978475,0.11570264586291246
study,175,0.9852717494747872,3.7560455090815104e-08,0.014725319897321449,2.893067436210685e-06
landscape,176,0.000268817582956726,2.054407725564817e-11,0.9574914140562909,0.04223976834020829
two,177,8.784783799143823e-08,6.8382551033213394e-09,0.999995673619132,4.231694774890696e-06
subject,178,0.999861782713068,2.2359679376860784e-07,0.00013779666407985063,1.9702605817741616e-07
branch,179,1.7696925101281647e-07,5.376287441567033e-12,0.9999994766782678,3.4634710492123997e-07
natural,180,0.9486893002345302,1.613625556862435e-09,0.05111191419890924,0.0001987839529350294
outside,181,1.1252865981944857e-07,5.679593344186029e-06,0.999986845953463,7.361924532937238e-06
wave,182,0.41857316681128903,1.6839543798464128e-08,0.5710312399530063,0.010395576396160835
history,183,5.6682866237249745e-06,1.9998399269662343e-10,0.999980721825846,1.3609687546378588e-05
army,184,1.7513758403773094e-07,2.0772058558784583e-09,0.9999491914183384,5.0631366871639246e-05
form,185,0.9743398635037097,6.644344563148837e-06,0.02565222667061319,1.2654811138556462e-06
kind,186,0.6621285259510168,0.018227576886161067,0.0012560763472367184,0.3183878208155853
arm,187,0.00021345547968026337,1.6553016031691024e-08,0.9913676883245094,0.008418839642794287
center,188,1.225105882975121e-06,2.0589220125594013e-12,0.999996346970713,2.4279213450771998e-06
physic,189,0.28059475034420783,7.69923403905538e-08,0.5570561833798215,0.1623489892836303
footnote,190,0.9593701198071626,5.15655075205394e-06,0.009868130550100829,0.030756593091984533
standing,191,7.105642546508227e-05,1.0448203942489567e-05,0.9174919600042489,0.08242653536634352
know,192,5.061029232340372e-14,0.9999999848951575,5.862616539672574e-13,1.5104205604134143e-08
government,193,6.357279785620753e-08,4.515088787040948e-10,0.9999999221001442,1.3875549068635295e-08
nothing,194,9.342083198858783e-07,0.9581637895838016,1.2243423205129094e-05,0.04182303278467351
helplessly,195,1.3965285287428316e-06,0.016389424163516273,0.0018670163323328062,0.9817421629756222
lecture,196,0.070180615168034,2.6325277237245132e-08,0.900984186473788,0.028835172032900837
action,197,0.024089902832833184,4.900328707570577e-07,0.97072951878899,0.005180088345306055
distance,198,0.0003087548321674404,5.972320021268481e-09,0.9996742950813263,1.6944114186166005e-05
try,199,5.625549355547099e-13,0.9999999832843179,3.449153924432558e-09,1.326596576008422e-08
government,200,6.349522326999103e-08,4.5453242653539004e-10,0.9999999221150446,1.3935199658449951e-08
look,201,4.140982229915964e-10,0.9997875314287137,2.9154469584157058e-08,0.00021243900271845952
art,202,1.7231560955486338e-05,1.916139994717428e-09,0.5539596548002217,0.44602311172268294
sec,203,6.722325631779616e-05,4.497994522893222e-09,0.9987374649196975,0.0011953073259900874
connect,204,2.74158741210021e-06,0.25165023037394574,0.7483459512496989,1.076788943217308e-06
mode,205,0.9971690404918092,8.459718653309043e-08,0.0008686677277863727,0.001962207183217966
people,206,2.5015495055103834e-05,1.5555160648088896e-06,0.9786745741981955,0.021298854790684624
whats,207,2.3368206747663615e-07,0.005284426345476574,0.00017782041461480083,0.9945375195578411
outset,208,0.0008457274386455185,2.180868843009177e-05,0.9990266752539575,0.00010578861896684494
must,209,0.0015810872546420712,0.998117538033903,0.0003011578493776909,2.168620772995305e-07
choose,210,1.8644337813119165e-09,0.9999999413340642,5.510380167617653e-08,1.6977002693758951e-09
shortly,211,1.5887853583758934e-09,4.602340479241172e-09,0.9998948759595891,0.00010511784928507073
happen,212,7.418376528654163e-10,0.9999999935044735,1.7753456640835722e-10,5.5761541386145e-09
execute,213,5.920049862727885e-07,0.9999788791212084,2.0340991052649233e-05,1.878827525526687e-07
state,214,1.5001363892079818e-07,2.9939349826388666e-11,0.9999998313143673,1.8642054415370766e-08
equally,215,0.7470971228482223,0.019200192724411813,0.22556503731317828,0.008137647114187713
cause,216,0.9971894351733175,0.0025988224095401104,0.0002109347363682068,8.076807743276436e-07
thought,217,0.0031377001566304154,0.9968028110291173,1.4640818334262833e-05,4.4847995917991446e-05
wasnt,218,1.3629159526830933e-06,0.9999656022852496,1.6241892758760932e-06,3.14106095217783e-05
liable,219,0.42537645679220354,0.0010529461736248282,0.5729030238796113,0.0006675731545602854
abuse,220,0.053310138300803535,0.00032769023611062964,0.2168062322915474,0.7295559391715385
perverted,221,4.907861773427574e-06,1.0836302891957558e-05,7.181928971980973e-07,0.9999835376424374
position,222,0.00024174745140484872,9.829307226039763e-09,0.9997560933420837,2.1493772041278838e-06
people,223,2.466052228512363e-05,1.4948086653552253e-06,0.978101126181113,0.021872718487936555
act,224,0.009467590517537133,7.857415739596767e-07,0.988495585689795,0.0020360380510938258
witness,225,2.162099626222515e-05,0.00027019734194584514,0.03978484888388508,0.9599233327779069
dream,226,1.2576371991391773e-10,8.699336951053894e-08,1.2257507082501505e-05,0.9999876553737843
present,227,2.8463532952323747e-05,5.89410349637809e-07,0.9998886532501379,8.229380656008948e-05
mexican,228,9.39727124749809e-05,4.484598563414328e-08,0.9571567975182735,0.042749184923265786
landscape,229,0.00024987346188776676,1.9356244585473657e-11,0.9577057226438976,0.04204440387485835
war,230,6.174736694038555e-07,2.953080309321219e-08,0.9992675446758521,0.0007318083196752676
work,231,0.18846340843801443,0.0006876471128634923,0.7566627864385138,0.054186158010608235
paint,232,6.781308416403314e-07,1.535731157625111e-06,0.0002162353712701399,0.9997815507667306
comparatively,233,0.6459559115810207,2.5159844414304605e-07,0.3539547614186714,8.907540186375162e-05
individual,234,0.37356479592273917,1.0518119935763028e-06,0.6263299431076849,0.00010420915758246723
effect,235,0.9999916819065654,2.423631479808452e-10,8.162278795527243e-06,1.5557227598276895e-07
experience,236,0.4433005305509401,0.0005434771148170932,0.4755734994999848,0.08058249283425796
animal,237,0.1173166508598601,2.5165813795763463e-07,0.04000890161719116,0.8426741958648107
natural,238,0.9525575738298271,1.6355326522755092e-09,0.047240589680784664,0.00020183485385541852
use,239,0.9923415195113131,0.004128393216200128,0.0035297215928502715,3.656796364235176e-07
stand,240,8.707931520322025e-08,0.8398418456722401,0.04184895032691647,0.11830911692152833
painting,241,5.3075922847565546e-05,7.914431401318558e-11,0.00733193411846127,0.9926149898795469
object,242,0.9999992547961539,1.6312756603568723e-11,3.414996683223039e-07,4.036878650086567e-07
hold,243,1.6733662627071937e-09,0.9999828073984792,1.7162740919262855e-05,2.8187235205503823e-08
afford,244,1.3010716342347509e-08,0.9999994656850029,5.106360040651335e-07,1.0668276705795506e-08
room,245,1.520161676842976e-07,1.8353842610481913e-08,0.001427644353111523,0.9985721852768782
u,246,2.6014855511468235e-05,8.632141585141503e-08,0.9972822403579034,0.0026916584651693097
seem,247,2.31837759791242e-08,0.9999999762539237,3.942192062903187e-11,5.228782897282871e-10
towards,248,1.4100353423762194e-05,6.60133940004389e-07,0.9999483674869862,3.687202564999487e-05
high,249,0.00010153100029960355,4.0968115978810525e-10,0.999603943761711,0.0002945248283082018
proper,250,0.7200675693289182,5.714575067801178e-06,0.2797951420174423,0.0001315740785714822
branch,251,1.7488270934397743e-07,5.375690826161135e-12,0.9999994781673812,3.4694453378525485e-07
government,252,6.448867276595682e-08,4.4237400577670646e-10,0.9999999214536227,1.3615330422133594e-08
tool,253,0.9996958323641225,3.9101352135682535e-08,0.00020969907130767438,9.442946321758118e-05
human,254,0.9958743092380143,1.3717608924614173e-07,0.0027701384981279283,0.0013554150877685407
art,255,1.7609472315146565e-05,1.8474613832721148e-09,0.5488103027456066,0.4511720859346168
outset,256,0.0008496307408938686,2.0281468029594865e-05,0.9990215243345373,0.00010856345653937556
first,257,1.686058148080363e-08,1.5893686115978256e-10,0.9999975998285111,2.3831519707549308e-06
landscape,258,0.0002595134134091052,1.9872501354901588e-11,0.9556771652989433,0.04406332126777503
paint,259,6.468898688371988e-07,1.481863024019688e-06,0.00020415961652751503,0.9997937116305795
thoughtful,260,1.973499475946577e-05,1.8697198606023457e-05,8.071561857792838e-07,0.9999607606504488
passionate,261,5.035236668356331e-07,8.782987056648251e-07,1.7843595092572088e-05,0.9999807745825349
room,262,1.4627673824076306e-07,1.695625078776796e-08,0.0014271257346674263,0.9985727110323436
people,263,2.5250469857761192e-05,1.5043668317847102e-06,0.9773352696043069,0.022637975559003473
representation,264,0.9959584757135969,6.432949310228121e-10,0.004041295351179739,2.2829192851692345e-07
mutual,265,0.024327560732917457,1.4511758648575963e-07,0.9730833500826045,0.0025889440668914613
although,266,0.0007930737232428086,0.3864043024758356,0.6128008576884336,1.766112487896027e-06
action,267,0.02413732650372918,4.671780479208012e-07,0.9707061553125526,0.005156051005670346
little,268,2.684185145974823e-07,7.443689313170739e-07,0.009866782832322089,0.9901322043802321
small,269,4.616980652839086e-05,1.1106345194873685e-09,0.999298536723845,0.000655292358992057
would,270,6.114280110382124e-10,0.9999367963354279,6.319389762382659e-05,9.155520113056576e-09
consent,271,0.00916091646466545,0.00011345021698916453,0.9891716615351837,0.0015539717831618
lay,272,1.5998392763359583e-06,0.16716844704225922,0.8294307487246377,0.003399204393826485
measure,273,0.999993051252693,5.226714982167395e-09,6.942909722754157e-06,6.10869214521586e-10
immediate,274,0.008434167043896617,0.00016689471161087632,0.9912277715823535,0.00017116666213897965
peacefully,275,2.8771504459264735e-06,0.001506473103712672,0.9745535095834593,0.02393714016238204
american,276,2.5653101527891884e-05,1.8105809718644777e-08,0.8440933039509181,0.15588102484174415
contact,277,0.1640512432950182,0.0009925055668300764,0.8213131528747019,0.013643098263449753
eg,278,0.0017854198589351564,4.5985485507269e-09,0.9805132291803291,0.017701346362187197
four,279,1.0417226989394194e-08,2.726626085240981e-10,0.9999944578629091,5.531447201387816e-06
familiar,280,0.18921398701447745,0.020530124667868868,0.004906765579771646,0.7853491227378819
physical,281,0.999857593048896,3.586064762256309e-10,0.0001376320792165631,4.7745132808957235e-06
wall,282,1.4904574664507132e-05,9.215090523309838e-09,0.3484765813817859,0.6515085048284591
communication,283,0.736399923009207,2.1530163051193908e-08,0.2635742880977981,2.5767362831947042e-05
collection,284,0.0011538543260589164,1.3377915210287616e-09,0.7955299280469239,0.2033162162892256
tradition,285,0.09044427513190326,2.8918036928139304e-07,0.8275677439145132,0.08198769177321445
though,286,1.7808977611521984e-05,0.9900072940414992,0.00996751910667496,7.377874214180009e-06
motion,287,0.9965984924139598,9.542843269916619e-09,0.0024887598952393285,0.0009127381479575755
impact,288,0.6726129769410923,3.9807094622852964e-06,0.3269932064123976,0.0003898359370476686
push,289,1.3307496883903937e-07,0.9995971701540317,0.0003960760556814487,6.620715317944659e-06
recent,290,0.033080969586018666,8.587896283746887e-07,0.9663922018837328,0.0005259697406203329
textile,291,4.4526938645564785e-05,1.7709477297392165e-10,0.9994939248116829,0.00046154807257662694
one,292,6.379696052105236e-07,4.416100110003479e-07,0.9999862399596221,1.268046076161152e-05
condition,293,0.9998369793479133,5.706448830207222e-07,0.00014146298838848805,2.0987018815355196e-05
appoint,294,4.3308027906169884e-09,0.9978633257556214,0.0021363778285382693,2.9208503755384145e-07
human,295,0.9960558134434392,1.3862507725007335e-07,0.002625606715673176,0.001318441215810414
existence,296,0.8627162390914115,1.2309382358776499e-08,0.1372669632439999,1.6785355206199008e-05
sample,297,0.9914874130126877,2.9356984850999947e-07,0.0012330970830186226,0.007279196334445102
pull,298,6.789055484731601e-08,0.9999083207209587,4.368589565267033e-05,4.792549283391963e-05
heat,299,0.0598032998146122,2.106672982866738e-08,0.07473005364950137,0.8654666254691566
endeavor,300,0.05964794465605954,0.0008001498876858567,0.9246582846867599,0.014893620769494718
transmit,301,0.839893649403305,0.14996728149578187,0.010119375817915829,1.9693282997336725e-05
imitates,302,0.001240431611841127,1.9702241881115644e-05,2.594186917660775e-05,0.9987139242771012
aspect,303,0.9999720098588378,1.341707365057294e-09,2.58987203276472e-05,2.090079127193927e-06
lay,304,1.7329129478567412e-06,0.17190166158237624,0.8244712529950464,0.0036253525096294334
record,305,0.00019477615411420178,5.403542835829208e-07,0.9869427946123975,0.01286188887920457
phenomena,306,0.9999999997811576,1.3183677194087796e-13,1.3868865152827548e-10,8.002196211329033e-11
spread,307,0.013261565340076258,1.5328399930578834e-05,0.9865194603362175,0.00020364592377558323
visible,308,0.9274726639488705,4.004725012739375e-07,0.07123348023339472,0.0012934553452336537
thing,309,1.4651422408060938e-06,0.026540392241611078,6.978049729220435e-07,0.9734574448111752
induce,310,0.9654214668168428,0.03457543863017595,3.0675777808497277e-06,2.697520041042267e-08
dangerous,311,0.000563606608985866,0.00032803288897952397,0.0007332936728523219,0.9983750668291824
table,312,0.0031347354755040598,5.765708794069056e-08,0.8376688957452249,0.1591963111221832
unimpaired,313,0.9970722782727023,2.7431485482584453e-07,0.0028209131011399133,0.0001065343113029684
samsa,314,4.8578161099127765e-06,7.13822080158865e-09,0.001569436666280642,0.9984256983793887
posterity,315,0.0012190922949088113,0.0005989102683145322,0.06568856234572493,0.9324934350910518
beneficial,316,0.9999582869397686,4.556779511555095e-06,3.705747536200048e-05,9.880535774635588e-08
men,317,8.101300474503173e-08,1.0264817256047718e-07,0.03454890324862679,0.9654509130901959
travel,318,5.3925742368263204e-06,0.0019303948621374294,0.9979983642886656,6.584827496019052e-05
combustion,319,0.9986138665377865,7.869626877702836e-11,0.0010026239574357108,0.0003835094260815954
instant,320,0.5276361445789353,0.00010439044145745331,0.1337259339242597,0.3385335310553478
salesman,321,3.111693972933863e-07,9.706635226862016e-10,0.0013218068311757762,0.9986778810287634
hung,322,1.6364906885719244e-07,4.8769172464034316e-06,0.03341831279199446,0.9665766466416903
mean,323,0.18599834614425695,0.8129684449537427,0.000421274014104304,0.0006119348878961017
flame,324,2.585527435822415e-06,2.4218378978973324e-10,3.5044516471471586e-05,0.999962369713909
picture,325,3.3993662612429814e-05,1.4153342747289187e-08,0.0015651765240199107,0.9984008156600249
losing,326,1.2663547688515158e-07,3.057014998801321e-05,0.9776991298157511,0.022270173398784027
display,327,0.05595116801372791,2.438966337241754e-05,0.9342251601460836,0.00979928217681611
etc,328,0.6144465459489473,0.00043372005475291175,0.3824612470992923,0.002658486897007415
recently,329,1.2363798425695696e-06,5.299516172053089e-07,0.9997786715195782,0.00021956214896192504
integrity,330,0.9497606831404185,3.0124182732291252e-06,0.04944405009864941,0.0007922543426588355
vitality,331,0.6940425889435435,4.355695218297274e-06,0.028195401537047055,0.2777576538241912
force,332,0.0003843457537299247,6.832956538175256e-08,0.9995881330974222,2.745281928257709e-05
single,333,0.00026212668097531114,9.535388972212696e-07,0.9422127807217575,0.057524139058369846
true,334,0.36970169438522055,0.012020850094902108,0.0005901241037029756,0.6176873314161745
living,335,6.905056383804857e-05,4.916870631606474e-06,0.8769589162735596,0.12296711629197077
man,336,1.7560093989844923e-10,3.7665576408048606e-11,4.4494821444183494e-07,0.9999995548385191
human,337,0.9958178681534311,1.420180491183861e-07,0.0027495495069573732,0.0014324403215623975
single,338,0.00025543789647332343,9.749724855572204e-07,0.9400775386368293,0.05966604849421199
man,339,1.7419841293310286e-10,3.719673627847359e-11,4.326783284680193e-07,0.9999995671102764
even,340,5.8135694226953964e-05,0.99970096867407,0.00023956544146545297,1.3301902375391314e-06
bend,341,9.251005441478218e-06,2.8663874817688726e-06,0.9191383593829108,0.08084952322416603
everyday,342,0.005007985073059013,1.4886079795795644e-05,0.001760178149858608,0.9932169506972867
cut,343,2.396337298507849e-06,0.005620644824815133,0.7854147954205373,0.20896216341734916
method,344,0.9999999466979144,9.492047457681567e-13,5.104499392580518e-08,2.256142524415311e-09
experience,345,0.4378183258062688,0.0005444130919164029,0.48308104429332277,0.078556216808492
sort,346,0.7301804238099399,0.2583631592733595,0.00014920825277002207,0.011307208663930526
weight,347,0.9979216805819295,3.0701489452266246e-08,0.001343951431800094,0.0007343372847810929
sense,348,0.9999494951941463,1.0451172141091156e-05,6.479302982069164e-07,3.940570341443728e-05
deal,349,0.00035945421703502037,0.005152509060216528,0.9821969321773738,0.012291104545374644
wooden,350,1.541074078757752e-05,2.6602613952813035e-10,0.7405533540485981,0.25943123494458825
action,351,0.025496359112197883,4.862773418009071e-07,0.9691922224006676,0.005310932209792691
illustrated,352,2.966549148386009e-05,1.9442619811338138e-09,0.003998826971772706,0.9959715055924815
distance,353,0.0003156039809607434,5.9344433372297635e-09,0.9996671675794299,1.7222505165936645e-05
enjoy,354,4.612322131421443e-09,0.9999936899813937,8.792717630883975e-07,5.426134520929927e-06
suffer,355,0.00024031308046707127,0.9996299241881516,4.3090717856396894e-05,8.667201352489304e-05
magazine,356,0.00013796274552366745,4.902617016081199e-09,0.2641125122476469,0.7357495201042124
either,357,0.03052628694183194,0.01102826868132215,0.9584322548626069,1.3189514238992116e-05
house,358,2.5265655867969006e-08,4.162340475586004e-09,0.9134234347328064,0.08657653583919724
exemplary,359,0.033779092573643914,6.637437174916628e-07,0.7472064922909518,0.21901375139168672
gun,360,3.7769461974571043e-06,4.353107343551795e-08,0.0590492573977374,0.9409469221249918
play,361,6.4039529849023405e-06,0.06393894361246859,0.17209398854730457,0.7639606638872419
people,362,2.43212253899347e-05,1.45830549683088e-06,0.9782673487136856,0.021706871755427765
less,363,0.1463540359672092,3.275843081435289e-05,0.8529134940955413,0.0006997115064350167
nice,364,2.5812729639827827e-08,1.3333431618706922e-05,6.01952391585488e-05,0.9999264455164931
important,365,0.0930905785284174,1.0700071766770632e-06,0.9069013326000819,7.018864324073077e-06
gild,366,4.988254321927625e-05,9.693479372996193e-05,0.03457823574598972,0.9652749469170611
part,367,2.01261398593623e-07,7.774354281210147e-12,0.9999996953522905,1.0337853651594245e-07
since,368,2.5991855427290465e-07,3.978172663500626e-08,0.999999559167606,1.4113211300064733e-07
deserving,369,0.0026516846338444705,0.20728667246235513,0.3927163113649806,0.3973453315388198
sympathetic,370,0.04881028306378748,0.005441871279319197,0.04492905388417137,0.9008187917727218
daily,371,2.9342088902419233e-06,2.1087137344848266e-09,0.9912291347801152,0.00876792890228094
experience,372,0.4265256851061474,0.0005378592974087323,0.4918776877167006,0.08105876787974334
contemplation,373,0.08667960896907637,3.136417992189556e-08,0.00020590469972487662,0.9131144549670189
frame,374,0.4888628948577373,4.7633308236867357e-08,0.11374835062473482,0.39738870688421957
necessary,375,0.9997255559766783,0.00021102655518608394,6.340916872796113e-05,8.299407825115584e-09
animal,376,0.11053930237463883,2.532730035360578e-07,0.04015117447668516,0.8493092698756725
people,377,2.7023720723780043e-05,1.5967442497066616e-06,0.9767653229958118,0.02320605653921483
show,378,1.0789147224459365e-05,9.483873583925443e-05,0.007479967533423725,0.9924144045835126
must,379,0.001692728222945467,0.9980094912824108,0.0002975445015003011,2.359931434292873e-07
painting,380,5.2320061269743206e-05,7.682905477856221e-11,0.007173147813179355,0.9927745320487218
complicate,381,0.046996543479745544,0.9529727917771628,2.840712816430284e-05,2.2576149273613746e-06
weight,382,0.9978938373133716,3.272092033656765e-08,0.0013451946763350293,0.0007609352893729692
investigates,383,0.6884305616426326,0.00018069676532025502,0.053230079886174245,0.25815866170587276
lady,384,1.1365442313719974e-09,1.762725240069055e-09,0.000831327453422087,0.9991686696473084
body,385,0.8115211927856478,4.432594902488012e-08,0.11740648951231009,0.07107227337609298
law,386,0.0012516249803217045,4.1524193805972854e-08,0.9986444877102624,0.00010384578522206972
fit,387,0.0004167409664121331,0.9992939330836983,5.175078069925782e-06,0.00028415087181954873
meet,388,1.2099853368828364e-10,0.9999387126427008,6.115454088791542e-05,1.3269541277988814e-07
fur,389,2.412271489263048e-05,1.6150531177116753e-08,0.13890892636224222,0.861066934772334
great,390,1.6037118294603214e-05,9.070147915413618e-08,0.9563035524589596,0.04368031972126659
u,391,2.4771084169217146e-05,8.383046243167394e-08,0.9973962270113585,0.002578918074009948
machinery,392,0.23496898709163355,2.0096825072254607e-09,0.7635246808386078,0.001506330060076112
hear,393,3.706547704263769e-12,0.9999993330703146,1.5197607589929393e-10,6.667740025907925e-07
less,394,0.14813054462558387,3.356006024077898e-05,0.8511296730377568,0.000706222276418568
din,395,0.00019012519257458207,6.07580567462595e-07,0.8564269860167413,0.14338228121011662
nobility,396,0.0017501419561971484,1.0570269673761452e-06,0.9866741174611696,0.011574683555665873
hat,397,1.0382250146861312e-07,2.5280932504193507e-09,0.012800260036883499,0.9871996336125218
fur,398,2.461910984994898e-05,1.5746274512659077e-08,0.13416959760687708,0.8658057675369983
character,399,6.026455488937252e-05,8.389140246035131e-08,0.00012069127866308397,0.999818960275045
organic,400,0.9996651831878717,1.439882852273987e-10,0.00033014818694706194,4.6684811929849805e-06
satisfy,401,0.0873117881440874,0.9126816810704669,6.522218698767328e-06,8.566746956406533e-09
form,402,0.9760268991591579,6.963795648819432e-06,0.023964811494661713,1.3255505315781693e-06
comparative,403,0.9961554863348966,3.126358504835346e-11,0.0038418604661617996,2.6531676781291206e-06
boa,404,2.2433225269443887e-06,1.219437765671635e-08,0.4430518048725798,0.5569459396105156
sit,405,1.902954358435456e-09,0.999656486660272,0.00022544051688097558,0.00011807091989280817
something,406,7.118028175745876e-08,0.9992338760046091,7.682320856015857e-09,0.0007660451327882443
constant,407,0.9999890655574835,3.4628979175243944e-11,1.05154658763947e-05,4.189420112199231e-07
anatomy,408,0.7089931382319143,6.091230181733457e-09,0.0458978112456543,0.2451090444312012
upright,409,0.00039455127929863704,1.3821937830354566e-07,0.008837711280500994,0.990767599220822
something,410,7.102065044145202e-08,0.9992297918637876,8.045392439236073e-09,0.0007701290701694814
idea,411,0.9996143941616952,4.9542811358246865e-05,0.0001783012543550705,0.00015776177259144646
government,412,6.889496460238033e-08,4.5889445040086695e-10,0.9999999163514026,1.4294738152799783e-08
government,413,6.788253031742199e-08,4.656642351360015e-10,0.9999999173572977,1.4294507924582958e-08
link,414,0.00433081861382776,4.3158277494967487e-07,0.9955281440340787,0.00014060576931853368
examines,415,0.9976789885282105,2.181270858221837e-05,0.000764379532947738,0.0015348192302596178
cause,416,0.997331189177253,0.0024525029669331677,0.00021551827334681612,7.895824669799272e-07
great,417,1.6467069231011823e-05,8.795254131836446e-08,0.9563703470405552,0.043613097937672395
raise,418,5.882180997625866e-07,0.9987312966242844,0.0012599399257426582,8.17523187307514e-06
