token,id,G1,G2,G3,G4
abad,1,0.03914367910191616,0.023515300394126346,0.9232391836215305,0.014101836882426937
abandon,2,0.048910047120612164,0.0024854161171887993,0.16365819068927573,0.7849463460729234
aberration,3,0.003934990585103695,0.0006701281278286748,0.0028293398322760616,0.9925655414547916
able,4,0.04473970540989809,0.0023597491825499244,0.1404233103037718,0.8124772351037802
abolition,5,0.06931728534306705,0.006075197522567563,0.8930751428662074,0.031532374268158
aboriginal,6,0.9779828613806753,0.006130166640072125,0.008948485101236692,0.006938486878015954
absence,7,0.011228017528686943,0.001060329870288084,0.012451366572757713,0.9752602860282673
absent,8,0.07242110965717119,0.5907177622404134,0.2663263003925845,0.07053482770983113
absolute,9,0.00383125214657773,0.00020778804323956263,0.007461102091050677,0.9884998577191321
abstraction,10,0.03367347212990205,0.0014161682698850906,0.004940537319363532,0.9599698222808493
acceleration,11,0.002276782495173435,0.0002852792361831819,0.001144057414836186,0.9962938808538072
accept,12,0.017625891890144633,0.0006868526145877968,0.43917216348109583,0.5425150920141718
accomplish,13,0.009254571105039045,0.0003493798674534138,0.9755152112274711,0.01488083780003642
accord,14,0.20674391673465004,0.008359513058196195,0.15145200417803284,0.633444566029121
accordingly,15,0.7001890375856581,0.002919056440372663,0.17982305248454564,0.11706885348942367
account,16,0.5075409692418279,0.002679157739018728,0.058566116994386325,0.43121375602476714
accustomed,17,0.30808509323927596,0.013452793903298286,0.2650961993694914,0.41336591348793433
acquire,18,0.08016809458466964,0.0059948927343816405,0.09153849350624094,0.8222985191747078
acquires,19,0.04897553868386595,0.008237197600111228,0.014933935887611084,0.9278533278284117
across,20,0.6768056734901893,0.25389975639131473,0.033414941460292245,0.035879628658203544
act,21,0.32107577657022424,0.003072056210334354,0.6568028618329009,0.019049305386540514
action,22,0.020346598029830697,0.0015176844626375136,0.2329063573437956,0.7452293601637362
activity,23,0.049115399946132454,0.0016783834108111447,0.026364655934437434,0.9228415607086189
adair,24,0.019165851170419843,0.04060418281516234,0.9352113878331584,0.00501857818125945
adapt,25,0.03428002629342651,0.0028061769074381538,0.03838836740866333,0.924525429390472
add,26,0.6360890739839686,0.00377593095624138,0.028639774403795466,0.33149522065599446
address,27,0.0328736240431077,0.002906540470102098,0.03323787096937935,0.9309819645174109
admirable,28,0.0129822618899938,0.0016514780267728897,0.9777025189267238,0.0076637411565095735
admire,29,0.04920735067043316,0.6362997098866402,0.2992369404628747,0.0152559989800519
admit,30,0.046326280608731285,0.0013666232119650572,0.5726345731574943,0.37967252302180937
admittedly,31,0.040452996352604964,0.002563854541270392,0.08985160929978861,0.8671315398063361
ado,32,0.06699167377745527,0.04563079719861167,0.8561260674668094,0.03125146155712343
advance,33,0.1844349834536803,0.006629212978604557,0.09405660493691154,0.7148791986308036
advanced,34,0.9593799097743423,0.0017203482627801152,0.009510644946448992,0.029389097016428656
advantage,35,0.019034661790296732,0.0014101056530707876,0.949015463012397,0.03053976954423547
advice,36,0.007797388171680752,0.000797864724026564,0.9857898299513106,0.005614917152982072
afford,37,0.039347273699031106,0.003087955461746944,0.14000536821772727,0.8175594026214946
afterward,38,0.4031387637732504,0.006177433270639191,0.5705983913204241,0.02008541163568619
agency,39,0.8316771666433145,0.021712945917113237,0.07103697400764132,0.07557291343193104
agree,40,0.7212698375270504,0.0011769991478806107,0.24063556559527094,0.03691759772979804
agriculture,41,0.9689547089382006,0.00946202547083644,0.012224392965118343,0.009358872625844642
aid,42,0.4718449189408821,0.0013738075976850363,0.5122706884502339,0.014510585011198892
air,43,0.08280263178879699,0.033383814664062046,0.3570882054366885,0.5267253481104525
alarge,44,0.05994179421400367,0.9075742190265419,0.01009353492631851,0.02239045183313581
alive,45,0.8578704313456957,0.022275853053021717,0.10532894085285852,0.014524774748424084
allegiance,46,0.005234749783452598,0.0005493911771766554,0.9902770135003691,0.003938845539001649
almond,47,0.003935175053616341,0.9946751625962315,0.0007080161251729616,0.0006816462249792415
almost,48,0.277383946557179,0.2989109323749339,0.09352949534353898,0.3301756257243481
almshouses,49,0.051211383959420945,0.030811979254703192,0.9072480387722295,0.010728598013646251
alone,50,0.1520742967389309,0.10460830420717365,0.5819976945737741,0.16131970448012137
along,51,0.09902755801554475,0.40406308382643635,0.2926160223843905,0.20429333577362835
alongside,52,0.11187897260356461,0.05240152114965078,0.07646078011891405,0.7592587261278706
already,53,0.9317708350135417,0.0024523825839167387,0.0504635554732768,0.015313226929264663
also,54,0.1674366504904588,0.13127177314805674,0.20277747817850167,0.49851409818298276
alters,55,0.007949640548867815,0.0009603355977479518,0.003278852070168865,0.9878111717832154
although,56,0.6367029518828798,0.0016073544816678704,0.34665843056157036,0.015031263073882065
always,57,0.07642082931286097,0.4524316624781037,0.29021743808576606,0.18093007012326925
amenable,58,0.009564803363941906,0.00024096153641461996,0.009122621494610426,0.981071613605033
america,59,0.630063605155689,0.09341153699639075,0.25452339588290934,0.02200146196501092
american,60,0.5150811476192154,0.017105083486113604,0.4517715920261283,0.016042176868542583
among,61,0.4292478155548831,0.3325838950881887,0.21472976793092183,0.023438521426006293
ample,62,0.9634564015383619,0.005181225742428527,0.011326703476187706,0.020035669243021786
amply,63,0.9561238259768386,0.0033516725117945585,0.021384444676349396,0.019140056835017384
ancient,64,0.9840343625734644,0.002767675783456334,0.0063481274697896155,0.006849834173289707
andin,65,0.07445053865164049,0.013781947138302079,0.03566177626836504,0.8761057379416924
andthe,66,0.9339256372695613,0.03441688092723199,0.01572512446132839,0.015932357341878447
anemone,67,0.002104012750027648,0.9962925499018814,0.0007899424584128121,0.0008134948896780923
animal,68,0.08566690901453504,0.7582896840146488,0.02420080469029199,0.13184260228052427
annual,69,0.9675261283318344,0.01439358754542851,0.008321651381063432,0.009758632741673625
another,70,0.3153291705828642,0.08075225563483593,0.3338472856175742,0.27007128816472564
anumber,71,0.9202579102557631,0.009847918086217171,0.047692544974059836,0.022201626683959773
anxious,72,0.03475553940868486,0.0058175038725547705,0.18192568764205647,0.7775012690767038
anything,73,0.03980813089916889,0.16304375216019007,0.3363666266317942,0.46078149030884696
anytime,74,0.0210383375665458,0.013763868110871763,0.8764348481208766,0.08876294620170579
apart,75,0.9452082677105235,0.013199565916185487,0.02441105984677217,0.017181106526518795
apparently,76,0.03865745342936856,0.0033488664289187753,0.06743270773155836,0.8905609724101543
appear,77,0.15398046134769824,0.2310970831230226,0.13862691059219617,0.4762955449370829
appertaining,78,0.1181525959586309,0.013796164667418053,0.08424516474767456,0.7838060746262765
applaud,79,0.0021771146244186678,0.0003403282349006701,0.9960913861936125,0.0013911709470682205
apple,80,0.0022181416940191623,0.9962861563328365,0.0006968737749621747,0.000798828198182079
applicable,81,0.04233373905189984,0.0008337222022546319,0.8186416637290047,0.13819087501684077
applied,82,0.8793460114081447,0.006957507207528623,0.015950183337971366,0.0977462980463552
apply,83,0.015692097773742614,0.00034204807710904497,0.4951034216442178,0.48886243250493056
arbor,84,0.018324892130200037,0.9701105621196504,0.004305227099857006,0.007259318650292467
archaic,85,0.98111665313333,0.0023805400280851405,0.005332420402184691,0.01117038643640019
archeologic,86,0.986359404564528,0.0015126121014890038,0.0037587329279836143,0.008369250405999446
archeology,87,0.9917348094291347,0.001536150672700803,0.0022937411204886748,0.004435298777675661
argument,88,0.037256919512507036,0.0006452431550537298,0.05875658774060773,0.9033412495918316
arm,89,0.48584176477762153,0.014211292874874435,0.47391248906797667,0.0260344532795274
army,90,0.017633164355578355,0.003037665956222511,0.9714897948187308,0.007839374869468346
arrest,91,0.8859864961665581,0.006306519934237201,0.08325766666722617,0.024449317231978483
arrive,92,0.10016206924576562,0.014775823306301828,0.17457839750625487,0.7104837099416775
art,93,0.9498666005181501,0.03059521532618788,0.007941437262015214,0.011596746893646735
artas,94,0.9720110206217007,0.007548767231037029,0.008620377254861119,0.01181983489240111
article,95,0.9519770246246274,0.0024157841809799266,0.015129887945824151,0.0304773032485684
artificially,96,0.16657650536189403,0.14504989260697948,0.5036994253791176,0.1846741766520088
artistic,97,0.9165361691951477,0.029948012071928046,0.01997446084354628,0.033541357889377864
asa,98,0.08389178639728696,0.7974795414586269,0.07006040515061025,0.04856826699347598
ascribe,99,0.04652508525569029,0.0004133175159330601,0.07382103434715774,0.879240562881219
ask,100,0.001482992953331624,0.00021729579559926756,0.9972160625213559,0.0010836487297132904
asleep,101,0.011899575485502158,0.02915106016238488,0.9489510058249003,0.009998358527212573
aspect,102,0.023110980153640513,0.0007034276667631903,0.006504539714317847,0.9696810524652785
assert,103,0.018622525151225817,0.0004655869055065126,0.9546229598349757,0.02628892810829211
assign,104,0.02822510631916547,0.000516106961881676,0.04970840166545777,0.9215503850534952
associate,105,0.9437300542999485,0.00505121541306359,0.026967588103142266,0.024251142183845567
assume,106,0.010181155649720362,0.0002523565553580745,0.2000155897525604,0.7895508980423611
assumption,107,0.014499878018930165,0.0006215265472441905,0.007991191896210397,0.9768874035376153
asunder,108,0.8837861931528603,0.03143207689705783,0.04692812317801887,0.03785360677206325
aswell,109,0.9669801919771233,0.014453663937097327,0.01147210203958728,0.007094042046192167
asymmetry,110,0.0029576632851045608,0.0003658966692134341,0.0013567335785059948,0.9953197064671759
ata,111,0.04947504236334658,0.016809197983965966,0.020711559560810108,0.9130042000918774
atlantic,112,0.7411147793061936,0.1854322413746893,0.04057651512187049,0.032876464197246644
atleast,113,0.02195160805482573,0.003177555445237161,0.9419706748154222,0.03290016168451486
atom,114,0.006125971771977756,0.0056025955464721775,0.00392385922275284,0.9843475734587973
atop,115,0.9385836436471228,0.04737384086485472,0.0065333753651869815,0.007509140122835388
attend,116,0.011792778660008489,0.0014227367952639762,0.9834581324176254,0.003326352127102109
author,117,0.9489510989379426,0.004800508352689337,0.027580157977170828,0.018668234732197114
authority,118,0.01957606659332963,0.0010402252567051073,0.9711788098836169,0.008204898266348286
autumn,119,0.0017347715076890418,0.9971041515437811,0.0006482748639782637,0.0005128020845516522
avoid,120,0.02334577107953562,0.0017076298321928442,0.049790909685343714,0.9251556894029278
away,121,0.14908673540779807,0.2280523122820129,0.3301676006975738,0.2926933516126152
ay,122,0.026440086727761984,0.015271139475981748,0.9444831025648366,0.0138056712314197
back,123,0.44836969959145123,0.04525253618521836,0.2882337331394412,0.21814403108388922
bake,124,0.9409140064592663,0.026916184406294907,0.022397022742101175,0.009772786392337581
baltimore,125,0.05361482236335314,0.011806129203918546,0.9170495557335406,0.017529492699187757
bank,126,0.09928784836654547,0.8141812735257821,0.04295961056345475,0.043571267544217654
bark,127,0.005115993764318361,0.993631519112176,0.0006546209151704764,0.0005978662083351999
barley,128,0.015507832588714798,0.9783275564101075,0.0036438285676096372,0.0025207824335680964
base,129,0.6852504008499253,0.04853447414499864,0.2050384543737405,0.06117667063133553
basis,130,0.8992087359637253,0.0015402452493040997,0.01836225913553978,0.08088875965143077
basket,131,0.5348755385118091,0.4203400660912571,0.035654384958356364,0.00913001043857737
basketmaking,132,0.06517154341850209,0.9278607416845803,0.002992471998770339,0.003975242898147349
basketry,133,0.9315569179054339,0.06406827976835187,0.001572775415719145,0.00280202691049513
battersea,134,0.011965888932308284,0.9770206125753593,0.0050982867510356,0.0059152117412969284
bear,135,0.34454791223950204,0.34497726305023607,0.3027349518495393,0.007739872860722713
bearer,136,0.048342863240029586,0.01751940387844432,0.04140948502803394,0.8927282478534921
beasts,137,0.05449063068957546,0.8691726476425443,0.053662977397272785,0.022673744270607324
beautiful,138,0.15211464549986292,0.7632898088815726,0.08167377129148172,0.002921774327082848
beauty,139,0.3424112593685541,0.09811874895956404,0.0675439626106248,0.491926029061257
become,140,0.306527495158972,0.16477075436422256,0.36381350927364553,0.16488824120316006
becomes,141,0.04238464130177099,0.01734479693331491,0.848184818843336,0.0920857429215781
bed,142,0.2763074976698306,0.6766912937933528,0.01599749258969002,0.03100371594712648
begin,143,0.4631002439329343,0.028063999559968196,0.4833446272926806,0.02549112921441687
behave,144,0.006167743982234937,0.0007328736505941782,0.9648577302365647,0.028241652130606157
behaviour,145,0.008987024938682366,0.0008012822024441555,0.010468146463687954,0.9797435463951855
behind,146,0.48790555840297806,0.4536294650823524,0.037370260502996265,0.02109471601167323
behold,147,0.8177176395687109,0.06139918729204319,0.09281797150032128,0.02806520163892467
believe,148,0.03235770803708291,0.0010073616906233322,0.5525127028386352,0.41412222743365856
belong,149,0.9554936353053209,0.0032105270226068685,0.030391010219370344,0.010904827452701847
bend,150,0.8821781045937039,0.08127998571291908,0.019050803710241114,0.017491105983135795
benefactor,151,0.021617292883157037,0.0022126080973924496,0.9717917527185802,0.004378346300870308
besides,152,0.19776603964736103,0.057208210312043616,0.2627399741306441,0.4822857759099512
best,153,0.037415008383050195,0.011326052883196675,0.9402936536709872,0.010965285062766013
bet,154,0.16790105126241722,0.03873186706781189,0.7618552446059844,0.03151183706378653
beyond,155,0.05154045515111629,0.43193639923050503,0.032602920472003624,0.483920225146375
bidding,156,0.5308048954236462,0.012068844609749507,0.29365474030423,0.16347151966237447
bier,157,0.5016793959628182,0.21183720050577953,0.26861033842493615,0.017873065106466204
bind,158,0.6291868123581651,0.007668179154879933,0.0361204977134869,0.3270245107734682
bird,159,0.014125189898014978,0.9767184979369715,0.006280045135364076,0.0028762670296494323
black,160,0.8598803956596334,0.11166698281812212,0.018750981212678465,0.009701640309566129
blade,161,0.005130786403850902,0.9907025665095325,0.0015788977460319958,0.0025877493405846476
blossom,162,0.0010143553542102026,0.9974112148375791,0.001055579495459498,0.0005188503127509683
blossoms,163,0.00030545493114143856,0.9995116537169165,0.00011026120756434919,7.263014437775357e-05
blow,164,0.04113623723333845,0.7410839827835936,0.19398584228120672,0.023793937701861227
blush,165,0.025369705492061596,0.18172720163110276,0.7766630221565649,0.016240070720270637
body,166,0.3990871065917153,0.036715307754603535,0.0335214494030262,0.530676136250655
bone,167,0.1457043043334697,0.15687737872482227,0.6485513624868028,0.04886695445490523
borne,168,0.870410269374236,0.08401000562468372,0.019706060552229402,0.025873664448850895
bough,169,0.7441668388240485,0.23250519853285775,0.00885486771161729,0.014473094931476471
bounce,170,0.0170464851077834,0.03199495635415832,0.921843941643518,0.029114616894540164
bound,171,0.3235888331854219,0.18274215495212667,0.11735976836263877,0.3763092434998126
boundary,172,0.04708052822325812,0.008443447050420091,0.007446705975835058,0.9370293187504867
bow,173,0.01802737687877102,0.9704179021802518,0.007223468665945218,0.004331252275031965
box,174,0.11915862516187466,0.6154472083779605,0.22817988938839326,0.03721427707177136
branch,175,0.9555129132307597,0.016634994486214465,0.01157831589696529,0.016273776386060493
brick,176,0.009165912943641897,0.9883565132266103,0.001164773664872119,0.0013128001648756247
bridge,177,0.812096615911582,0.08695718901548923,0.026852663661952006,0.07409353141097688
bright,178,0.0017713971131690597,0.996274329624292,0.000972193938162673,0.000982079324376337
bring,179,0.2086758885219706,0.003357303342053799,0.47366339254586,0.3143034155901156
broad,180,0.21944589394157965,0.5609659244468475,0.06226060263877478,0.1573275789727981
brought,181,0.07604773310223685,0.009023304858874266,0.10793491267001556,0.8069940493688733
brown,182,0.019362893956201173,0.927937497302015,0.04645892723159466,0.006240681510189081
build,183,0.44091210696090516,0.4528700803917616,0.07419390129898061,0.032023911348352696
bullrush,184,0.014155493395857142,0.9783704499490168,0.0054296541079392295,0.002044402547186864
bureau,185,0.9766341283579196,0.004919973903456363,0.010122371585460373,0.008323526153163516
burial,186,0.9680017211987538,0.015065795448555318,0.009653350860765127,0.00727913249192572
buried,187,0.940140735517164,0.030756281226102612,0.019683077573132594,0.009419905683600885
bury,188,0.6916549619018109,0.018578863970421328,0.27759184980034435,0.012174324327423346
bush,189,0.02295103157530277,0.9564897273284061,0.01619112186579705,0.00436811923049407
business,190,0.06504135946754427,0.009301622465866174,0.9104025107384802,0.015254507328109287
buy,191,0.011722468711983881,0.0024582896067367093,0.9826081175359864,0.0032111241452929167
bythe,192,0.06371817587173664,0.6649590286049955,0.12634038732395989,0.14498240819930816
c,193,0.08690756817398822,0.8353594118145975,0.02673419189357261,0.050998828117841545
cabin,194,0.11639840556158132,0.6999505505532011,0.15577269676458644,0.027878347120631003
cage,195,0.9051008419054608,0.05085236833729135,0.01603529362050586,0.028011496136741844
cagelike,196,0.9227527081426271,0.008560433527112058,0.0037683827999814242,0.06491847553027949
call,197,0.08498131926669425,0.3164574741873158,0.41653954332770216,0.1820216632182879
candidate,198,0.011793528450685604,0.002348045824161131,0.9785656889167871,0.007292736808366144
cane,199,0.55319092155514,0.4197550641025904,0.020336856746923874,0.0067171575953457515
capable,200,0.034736480599388185,0.005006379635987254,0.053837037543498105,0.9064201022211265
captain,201,0.013576247992067301,0.00443693727050729,0.9755935751988535,0.006393239538571915
carbonization,202,0.6201088088149427,0.20459655731250365,0.015446232721497345,0.15984840115105628
care,203,0.12436366221338907,0.26349131630857914,0.5530802988266362,0.05906472265139551
career,204,0.05944404031707725,0.01132796306126935,0.036032781791721855,0.8931952148299315
careful,205,0.46766818135912447,0.00231574226666544,0.0402513269252335,0.4897647494489766
carolina,206,0.9253757717795326,0.03680578695415304,0.02016049693988677,0.017657944326427585
carry,207,0.3415474147211935,0.007052517912462114,0.37931051399447685,0.2720895533718675
case,208,0.5735216437902572,0.003131110169851021,0.3040984799074913,0.11924876613240047
cast,209,0.16173227428314296,0.027399465399685036,0.7827991699400563,0.028069090377115805
casting,210,0.9591050605046729,0.00817004616521277,0.016558444968639202,0.016166448361475114
catch,211,0.011570255878852225,0.9604756613842096,0.02189950593990963,0.006054576797028428
catkin,212,0.000948466717687333,0.9980399747023023,0.0006582514782070578,0.0003533071018033123
causal,213,0.027242962125788275,0.0023095996527448008,0.12885057906232178,0.8415968591591451
cause,214,0.013313550021905842,0.0011183238376254584,0.027384456882584462,0.9581836692578842
caution,215,0.8638569610695821,0.012790727729648857,0.05949795342942529,0.06385435777134388
cave,216,0.8667644924466484,0.11302780191585944,0.011713962884560215,0.008493742752931875
cease,217,0.843632479995575,0.006199371905654141,0.11082604562570435,0.03934210247306653
cement,218,0.9698102521794332,0.018423517635599546,0.005057410261033932,0.006708819923933394
central,219,0.8828165007995453,0.0688032361367164,0.019329743000764253,0.029050520062974202
centre,220,0.1830118299910721,0.758780821145189,0.02199688896399846,0.036210459899740526
century,221,0.13941409565102567,0.01127533935511072,0.03321722678008608,0.8160933382137775
certain,222,0.7060984420720074,0.0034533461358940572,0.21542354498663202,0.07502466680546645
certainly,223,0.09481264766929771,0.007292283254994288,0.36969735934842024,0.5281977097272877
chain,224,0.9494061586648688,0.012905163760083523,0.008285546514382047,0.029403131060665576
chair,225,0.9565222362457622,0.007201903716121911,0.017770094446224443,0.018505765591891474
change,226,0.19588544126110446,0.00393001929770277,0.1724266030162671,0.6277579364249257
channel,227,0.9449812638100351,0.015725160600068573,0.014198496158594424,0.02509507943130195
chapter,228,0.07894837581040254,0.5480449771559596,0.3337791318585792,0.03922751517505876
character,229,0.5605583867108463,0.009268259564335395,0.20626218418619455,0.2239111695386237
characteristic,230,0.12361867533663495,0.006429786697616013,0.007615090462592052,0.862336447503157
charge,231,0.20169848000684285,0.021676317014956505,0.05261497119552349,0.724010231782677
cheap,232,0.04863281922298385,0.026609019914356893,0.8992705039652203,0.025487656897438878
checker,233,0.07549504735723142,0.10922508427018406,0.7696257851985764,0.045654083174008195
cherokee,234,0.22480358960864355,0.08058495999352237,0.671339287023241,0.023272163374592945
chest,235,0.9093489320516056,0.0573518182214569,0.019693633343834036,0.013605616383103415
chief,236,0.08545661351684151,0.022720093189642188,0.8624430053419883,0.029380287951528056
chiefly,237,0.3899518524406384,0.004616501836315932,0.5877465561663641,0.017685089556681563
child,238,0.06043410574638301,0.29731703984782687,0.6153746292373447,0.026874225168445412
chink,239,0.01039378882044015,0.9806880303541535,0.004065412678559986,0.004852768146846215
choose,240,0.7956185322548925,0.0034869771680164207,0.1626692835948538,0.03822520698223736
circumstance,241,0.8256668918362682,0.00243023989404752,0.08851969219277789,0.0833831760769064
citizen,242,0.014086786861953148,0.0016521829850211596,0.9782924552130845,0.005968574939941122
civil,243,0.03658428777424693,0.0024476642282487302,0.9455841593328169,0.015383888664687538
class,244,0.5878091208166961,0.009248205359119858,0.19968381269352,0.203258861130664
classification,245,0.9601968805416321,0.004792871921070693,0.007189860243804126,0.027820387293493128
classify,246,0.9566686922288062,0.0008468161742223315,0.01481870787653276,0.027665783720438653
clay,247,0.930814152245297,0.05641199263534111,0.006092157438807504,0.006681697680554554
clear,248,0.03019477953737585,0.007012555957351203,0.03505516730527825,0.9277374971999947
cling,249,0.010215617705455272,0.9761911379479085,0.008404803430934468,0.005188440915701732
close,250,0.37558343117446197,0.46613379137747263,0.14134924391219025,0.016933533535875015
closely,251,0.9673751872748225,0.005359300952631319,0.010169959105383718,0.017095552667162364
cloth,252,0.8371912690710259,0.14038546505028487,0.010228458066736133,0.012194807811953012
clothes,253,0.2927388558489745,0.07643541052836367,0.6114750681406148,0.019350665482046902
clumsy,254,0.025961371150127012,0.012887806319574993,0.047514443396034195,0.9136363791342639
cluster,255,0.061953984884358014,0.8941857638159343,0.013284856284371212,0.030575395015336414
coast,256,0.8663969228047361,0.07171110747450146,0.044653529272059,0.01723844044870363
coffin,257,0.9189380789217422,0.05936129515504656,0.014292789327755134,0.007407836595456179
cold,258,0.009885063499858963,0.9775326076636714,0.0055893839289162415,0.006992944907553312
collect,259,0.492680265514881,0.003315281285177061,0.49352247677603295,0.010481976423908915
collection,260,0.9860009421263178,0.004533257838441685,0.0036703130986400277,0.005795486936600535
colonel,261,0.017093374024804948,0.005574617855203649,0.9687953389706231,0.008536669149368245
colour,262,0.18069501094292756,0.7885446088067787,0.006981226368899525,0.023779153881394285
combination,263,0.939206203854434,0.0038090548372466406,0.006637192633136317,0.0503475486751831
combustion,264,0.011838982946056974,0.004381582903309882,0.002884266977691537,0.9808951671729416
come,265,0.1469714925463151,0.13684166661134037,0.3667150671340639,0.3494717737082807
comitatus,266,0.9122699343066932,0.006098504917085828,0.04029363472372013,0.04133792605250067
command,267,0.48353195177415353,0.009863784576218126,0.4059734581846789,0.10063080546494924
commerce,268,0.5135413133449542,0.004946157949681906,0.4687710361382632,0.012741492567100731
commodious,269,0.05729740802781877,0.8949862276684499,0.028636987355144458,0.01907937694858667
common,270,0.4489127499640941,0.061978192355171775,0.4420847223425717,0.0470243353381625
commonly,271,0.21251471507879693,0.04141977498059095,0.6911150822471446,0.05495042769346742
communication,272,0.02547308089312637,0.000907971674579006,0.008639111660472869,0.9649798357718217
community,273,0.9761039233981084,0.0046576242712268595,0.01230346373163803,0.006934988599026744
company,274,0.05586011887324959,0.013053679099342724,0.9124643634417167,0.018621838585691115
comparatively,275,0.5104621354362741,0.005885485719103101,0.45439222466800694,0.029260154176615885
comparison,276,0.4872164169585541,0.001988285062121216,0.011843831335834894,0.49895146664348994
compel,277,0.018538560095204996,0.0006286919973429668,0.17654579713178808,0.804286950775664
complete,278,0.9532673997213978,0.0021268565879383554,0.01700822776288843,0.02759751592777539
completely,279,0.028974244574251802,0.0035362001340493577,0.022688362351275068,0.9448011929404238
complicate,280,0.07175327463140875,0.0075208988369388705,0.08988501474456576,0.8308408117870866
complicated,281,0.09834454914112144,0.01175003832352628,0.7554967254675026,0.13440868706784967
compose,282,0.34087311203687315,0.27603981173380887,0.2822676957367019,0.10081938049261621
comprehension,283,0.029354342596849773,0.0012958023365969363,0.048671451504964824,0.9206784035615885
comprehensive,284,0.977210283109516,0.002062363580019593,0.008247125717738255,0.01248022759272602
computation,285,0.030983817748567503,0.0016427642819742756,0.047090048319875843,0.9202833696495825
conceivability,286,0.014631218153508312,0.0019736693831917396,0.020654012031868854,0.9627411004314311
conceive,287,0.4479115909872713,0.01356244261670247,0.12775439996763793,0.41077156642838825
concept,288,0.02417486703734388,0.002435916773377544,0.006646637222183797,0.9667425789670947
conception,289,0.023569596559795812,0.0014484377496682133,0.008367716040646685,0.9666142496498893
conceptually,290,0.005370394110635027,0.00011870233388910535,0.002548255157059974,0.991962648398416
concern,291,0.24923081815135395,0.0013664707628732063,0.7262607816059786,0.023141929479794265
conclude,292,0.6875518196208699,0.004904266762292327,0.19092918749465582,0.11661472612218199
conclusive,293,0.05418972565637412,0.004135215109105978,0.05486351613442292,0.886811543100097
condition,294,0.3080411725219813,0.0017671620181724226,0.029394424358044863,0.6607972411018013
conduct,295,0.9102851749167354,0.0009119951820867734,0.05811336664889431,0.030689463252283465
confidence,296,0.013660481611946555,0.001139733337300597,0.059495995866059914,0.9257037891846929
conflict,297,0.04103706207916319,0.001751221670029644,0.5665741889119794,0.3906375273388278
confront,298,0.03371453267466033,0.003890259683166732,0.20845535359441464,0.7539398540477583
connect,299,0.12097296500832422,0.014581347927235705,0.05091591760293185,0.8135297694615083
conquer,300,0.009570886585912939,0.0012508898868767953,0.9839206950349584,0.005257528492251931
conquest,301,0.9706212740839861,0.0020521062160489597,0.01758379622004448,0.009742823479920395
conscience,302,0.004600885637495988,0.0011046183782736597,0.9875099140603549,0.006784581923875386
consent,303,0.8344996412524764,0.0025398445680552563,0.1265493141353242,0.03641120004414404
consider,304,0.6441398733423677,0.0007631585135319113,0.2509016478401413,0.10419532030395921
considerable,305,0.93288866244008,0.005620283329502418,0.028380911639748298,0.033110142590669425
consideration,306,0.016250358845303715,0.0006227318540763566,0.0212441229580145,0.9618827863426054
consist,307,0.21645672451579556,0.013465791253331931,0.014846390216863204,0.7552310940140092
consists,308,0.9716410399885524,0.012832334855272364,0.003159866178294599,0.012366758977880659
constables,309,0.9027623038003969,0.015063236768610211,0.06775978618906472,0.01441467324192814
constant,310,0.004325802059518643,0.0006723083133150765,0.002636563298816774,0.9923653263283495
construct,311,0.9463947892837565,0.002261897622249095,0.014424780870664811,0.036918532223329616
construction,312,0.8898204809250784,0.009810758108148313,0.07237999915349207,0.02798876181328131
constructor,313,0.24981289059517275,0.06954784952752058,0.4937087267431686,0.18693053313413802
contact,314,0.06452602000566056,0.006206914238988449,0.17374300578693427,0.7555240599684168
contain,315,0.9613274167418555,0.007190873642747218,0.008856001484863136,0.02262570813053407
contemplate,316,0.004051110836073063,0.00023758342736172853,0.9899089309996503,0.0058023747369149135
contemplation,317,0.020691889471977167,0.004786717220720819,0.9415412261399391,0.03298016716736295
content,318,0.05699444374479198,0.009910149830949693,0.01655432872381278,0.9165410777004456
continually,319,0.020600052405512156,0.002377356602033711,0.9630849732904488,0.013937617702005349
continue,320,0.012783980616338418,0.0010593842078260953,0.9814968949998318,0.0046597401760036265
continuum,321,0.0065213202987446746,0.0006587397284332852,0.0017189769700924893,0.9911009630027295
contradiction,322,0.0036940350792655017,0.00011478893609414235,0.00942423195969705,0.9867669440249434
contradictory,323,0.010402517401542596,0.00028107308756629483,0.014659498163006804,0.9746569113478842
control,324,0.03226563850109054,0.003269463829030386,0.9283572793235048,0.03610761834637435
convention,325,0.043727954025898824,0.006600954302243267,0.9249722395125368,0.024698852159321036
cook,326,0.037815281001605916,0.9268197896999848,0.027149129455532984,0.00821579984287621
copper,327,0.9687587185452649,0.019413443331639905,0.003952915475423953,0.00787492264767116
coppice,328,0.002435850778023207,0.9965756557994032,0.00043922686265176233,0.0005492665599217741
cornfield,329,0.02348502000909726,0.9655508628889713,0.006574002248079942,0.004390114853851481
corolla,330,0.001559379221979994,0.9972072053195146,0.00036489143849279535,0.000868524020012801
corporal,331,0.016634173984323514,0.008331409147476604,0.963849528695685,0.011184888172514881
corporation,332,0.08102181352416722,0.02683698882899887,0.8563024562234139,0.03583874142341999
corporeal,333,0.006269623067982608,0.00046401578086058574,0.005526993891878345,0.9877393672592785
corpse,334,0.9065614921025695,0.03826358860664211,0.038649401609775445,0.016525517681012958
correct,335,0.8215206009149918,0.0017699155382712572,0.04659531100187047,0.13011417254486643
correspond,336,0.4647344537979945,0.0013471170203849,0.010371223165833212,0.5235472060157875
correspondence,337,0.5610362198824926,0.0024797814663305596,0.35930705793452317,0.07717694071665362
cost,338,0.888248725518314,0.005910945694557826,0.05088828639272812,0.054952042394399964
costume,339,0.9758971064867494,0.00986997974580425,0.009261946372390846,0.004970967395055297
countenance,340,0.008809060341863456,0.0037384654495672904,0.9811281454851732,0.006324328723395937
counterbalance,341,0.09231665431070826,0.027822875548022246,0.7608812578633352,0.11897921227793432
country,342,0.27479295602361725,0.2210984926261175,0.48984559993572674,0.014262951414538634
course,343,0.2732898603517726,0.006226174188868457,0.23727918532338524,0.4832047801359737
cover,344,0.7759289702095409,0.13014412958038385,0.02381788927245176,0.07010901093762345
covered,345,0.02823202855751721,0.9642962831180909,0.0035081214769915117,0.0039635668474003885
cradle,346,0.9661837773699348,0.018582891394761665,0.008547827206713049,0.006685504028590476
creep,347,0.026015580598394608,0.8946803447419716,0.02606648263596631,0.053237592023667346
cresson,348,0.9588784371901717,0.014909069494876668,0.01601097640463589,0.010201516910315844
crevice,349,0.005274983885888394,0.9913106461522785,0.001327933473086899,0.0020864364887463334
crisis,350,0.8889377688227751,0.0043475723376031564,0.058006421546868775,0.04870823729275298
crop,351,0.044383194096645616,0.9367050998249109,0.009440899300729205,0.009470806777714228
cross,352,0.7429498856110245,0.16575501888048327,0.04995483829844846,0.04134025721004388
crossway,353,0.8668325429818369,0.05723867608843216,0.04411764561416142,0.03181113531556938
cultivate,354,0.0383990821491266,0.010293378536890222,0.9385831714741839,0.01272436783979908
cultural,355,0.8152716047033168,0.004768626037259983,0.025199130638478548,0.15476063862094458
culture,356,0.9789059129231132,0.005407526395766763,0.007596726954612182,0.008089833726507891
curve,357,0.019762912588556537,0.9288456968014017,0.0037623116084139646,0.04762907900162779
custom,358,0.9726394603748799,0.0056207000394300705,0.009364045279517882,0.012375794306172059
customary,359,0.11635251504977695,0.004013245450875403,0.08708306861575199,0.7925511708835957
cut,360,0.3644758163008536,0.4679130062154454,0.1394276750335229,0.02818350245017802
cyrus,361,0.9503618554376086,0.01264840618655303,0.02441671239761875,0.012573025978219576
daffodil,362,0.00316423617743888,0.994892718010013,0.0015035700324685971,0.0004394757800794995
daily,363,0.0658413407507939,0.013124120687739856,0.4900022683802905,0.4310322701811756
daisy,364,0.0011336524913861134,0.9977841479844546,0.0007551316972881463,0.0003270678268711759
dale,365,0.040918040549637255,0.08140130898185428,0.8669862479087562,0.010694402559752215
damnable,366,0.0103902101623531,0.0016674200672393436,0.9760379384174451,0.01190443135296229
dance,367,0.05786706182183787,0.8856795486445764,0.04563947591088306,0.01081391362270258
dandelion,368,0.004814577266025313,0.9939184257456508,0.0007814080377772824,0.0004855889505464283
danger,369,0.03634110916022624,0.010326752437685683,0.727028159373913,0.22630397902817506
dark,370,0.010836854954022174,0.9602992209292698,0.02011014236603354,0.008753781750674448
darker,371,0.10169569518072072,0.8589977129201888,0.015976137864083223,0.023330454035007345
data,372,0.926919418991603,0.002268778906189682,0.008244892136003844,0.06256690996620329
date,373,0.9705668809146797,0.006894546000779728,0.0143872488578818,0.008151324226658908
day,374,0.08296698163548097,0.7839263938812087,0.10912299737484828,0.02398362710846207
dead,375,0.3247356250779628,0.42180569707327087,0.24041659900160864,0.013042078847157594
deal,376,0.014289757069129702,0.001703137056568978,0.9749459734734317,0.009061132400869629
decay,377,0.4594208904008219,0.4051918213334658,0.01767133849686238,0.11771594976885
decently,378,0.013172520344507476,0.0064133845003096395,0.9765732339244423,0.003840861230740565
decide,379,0.009106351984505757,0.0011984688157071761,0.9657978280518497,0.023897351147937458
deep,380,0.763267391168462,0.12386962729266782,0.022665211233753268,0.09019777030511691
deeper,381,0.05876266145086775,0.8400248097792716,0.050887113906936704,0.05032541486292405
defect,382,0.04082352715233197,0.007774479110271816,0.062345647058103686,0.8890563466792925
definitely,383,0.4065061684121196,0.0020782504418793437,0.15212968334604154,0.4392858977999596
deformation,384,0.010791691329592084,0.0012223673140487417,0.0013612825648349318,0.9866246587915242
degree,385,0.34160047923651704,0.0024187419933079032,0.5991960707934262,0.05678470797674897
delaware,386,0.9622432421458266,0.015532912595302012,0.0123777967161902,0.009846048542681281
delicate,387,0.9355992540781785,0.03786859387381744,0.010990191454580337,0.015541960593423654
delineate,388,0.9636103373461445,0.0016917369106652625,0.009995403822022299,0.024702521921167984
deliver,389,0.03773846513730798,0.0025223450018639496,0.08888484130325684,0.8708543485575712
demagogue,390,0.007441346713866401,0.001488131639255721,0.9872571119232959,0.0038134097235820717
demonstrate,391,0.9428480638346156,0.00046185552221974504,0.02078053970683385,0.03590954093633093
density,392,0.1467132616892035,0.008545891768497965,0.006654026374293502,0.8380868201680051
deny,393,0.02157985028268912,0.0006076568507055954,0.1677906720644134,0.8100218208021919
depend,394,0.4566768531702564,0.0015226735519372249,0.01595334183580578,0.5258471314420007
depress,395,0.02046762780702316,0.0050305686233091595,0.022746195757995708,0.951755607811672
deprive,396,0.024218829714372378,0.0011999757266957399,0.15818462026557684,0.816396574293355
derive,397,0.47267517026840083,0.001005143369262206,0.012585300571257424,0.5137343857910794
describe,398,0.34660998428494033,0.0035344251633839443,0.2554302823305882,0.39442530822108757
description,399,0.9501465937967396,0.002390751726854985,0.008409719340211924,0.03905293513619354
deserve,400,0.0024117465565559083,0.00020899885526018004,0.995507510540419,0.0018717440477649873
desirable,401,0.03159573642318991,0.004254742221542639,0.9245074510354137,0.03964207031985376
desire,402,0.004436076597919687,0.0006458638941710325,0.9881982458444339,0.006719813663475499
despair,403,0.004884358537561763,0.0020996467914199055,0.9871474849222426,0.005868509748775725
detect,404,0.8773409034035031,0.002904965844495034,0.02035283605708334,0.09940129469491857
determine,405,0.30712016879310466,0.0008545121805664401,0.019967867888851427,0.6720574511374773
development,406,0.22098916754085618,0.0038665800204264744,0.1691941276099294,0.6059501248287879
device,407,0.86157712859576,0.005078104156986236,0.014164008815904107,0.1191807584313496
devil,408,0.01567048256658196,0.025904773513178114,0.9507952723403965,0.0076294715798434385
devoid,409,0.04408705848752584,0.005476547852357097,0.023555629266515478,0.9268807643936017
devote,410,0.3265487046922905,0.0019255783053243377,0.3718018897602166,0.29972382724216856
differ,411,0.022124236594591305,0.0014735455246830508,0.008348217578657625,0.9680540003020681
difference,412,0.016452903937352416,0.0018612262165244007,0.013420739963453455,0.9682651298826697
different,413,0.3459527522203958,0.2709812506438275,0.017037359730398976,0.3660286374053778
differential,414,0.0037481313940686085,0.00039312844053107795,0.00111352941910108,0.9947452107462993
differentiate,415,0.8624781953282264,0.005124290507137384,0.046437192399463104,0.08596032176517303
differs,416,0.04965233231052169,0.01773668779025185,0.009650875914358651,0.9229601039848678
difficult,417,0.850190451674391,0.004143316500326663,0.06713614873313388,0.07853008309214841
dimension,418,0.7789406089391426,0.006837882736847604,0.019067978917738468,0.19515352940627106
din,419,0.06245914213424758,0.02836311038980833,0.8771267528768489,0.0320509945990952
dinner,420,0.01685833560742198,0.014862727329634465,0.9650051044554282,0.0032738326075153245
direct,421,0.38370352136533975,0.13665346160737524,0.14142796835456545,0.3382150486727195
directly,422,0.027008378051724388,0.0024813217122717397,0.9424046684709344,0.028105631765069423
director,423,0.9347297952935524,0.008447016420615128,0.030774662361626105,0.026048525924206336
dirt,424,0.5230944063296019,0.258645949162302,0.1965460740650079,0.0217135704430882
discharge,425,0.9129770779294344,0.010420062854952715,0.025094836039800575,0.05150802317581226
discomfort,426,0.023426801142710542,0.0038104656423681668,0.9019587027115664,0.07080403050335503
discover,427,0.900535166971453,0.004848388182196945,0.06449199466911032,0.030124450177239692
dispose,428,0.04566911240793417,0.0038526724752549232,0.11062308913261806,0.8398551259841929
disposed,429,0.07744161891197039,0.07755340492402232,0.8026742400828142,0.04233073608119307
disregarding,430,0.01154305173776274,0.00018841375835275333,0.030161168853235276,0.9581073656506491
distance,431,0.034141955790426406,0.006972695611172515,0.03768999013767735,0.9211953584607236
distention,432,0.034275808801729514,0.005631189634134196,0.01104510907451604,0.9490478924896204
