token,id,G1,G2,G3,G4
metamorphosis,1,0.033203023082253175,0.01601266428883269,0.9507229696846208,6.134294429343135e-05
gregor,2,0.021117663512181733,0.03924503088710237,0.9396296077948435,7.697805872409792e-06
samsa,3,0.021952536288609967,0.02584185661697551,0.9520327503879498,0.00017285670646478575
woke,4,0.006945082886999102,0.06671606054852891,0.9263292095464722,9.64701799985294e-06
troubled,5,0.017877442541034648,0.06491897103165815,0.9171996382543887,3.94817291848487e-06
found,6,0.03161134179166417,0.04845340167564581,0.9195542774875894,0.00038097904510064147
transformed,7,0.04379614580876424,0.03724155956013668,0.9189233584059713,3.893622512780668e-05
bed,8,0.009227596125647781,0.017628543325672673,0.9730498915591562,9.396898952336916e-05
horrible,9,0.017520928903384563,0.06266874363721611,0.9198095495163076,7.779430916456359e-07
lay,10,0.0230749870713596,0.06094685898105038,0.9156113696869518,0.0003667842606381561
lifted,11,0.027552851672136364,0.07132965416926577,0.9011173494719364,1.446866613421247e-07
head,12,0.020196573938779935,0.034064062840341656,0.9456427686989917,9.659452188672064e-05
little,13,0.01026248200496841,0.029382897968743413,0.960299719396962,5.4900629326233825e-05
see,14,0.06497766126132286,0.09654348934989243,0.8369187866688936,0.001560062719891062
brown,15,0.008854290111135093,0.017158754253025328,0.9739488026740853,3.8152961754062996e-05
slightly,16,0.03235780360951533,0.03527607797008642,0.9322119742374765,0.0001541441829218063
domed,17,0.02298391978610502,0.017665768010976166,0.9591766598978857,0.00017365230503308952
divided,18,0.08669030341129551,0.055840964483057136,0.8569564093649326,0.0005123227407148434
arch,19,0.025789766192747636,0.02950773002247116,0.9442170250431229,0.0004854787416582955
stiff,20,0.036551521995475005,0.08229381050452192,0.8811340163924478,2.0651107555349134e-05
bedding,21,0.06102527190825513,0.056236403569396534,0.882630546181686,0.000107778340662356
wa,22,0.04333646003613659,0.1372311086464987,0.8182369530016654,0.0011954783156993844
hardly,23,0.07742442381041188,0.41859115202575975,0.5038732207481702,0.00011120341565817297
able,24,0.11052697793103916,0.6519100851374745,0.23756243608072594,5.008507603140729e-07
cover,25,0.09881004449932859,0.2676663849413647,0.6333688199331285,0.00015475062617812446
seemed,26,0.0938356541881761,0.7050652331557149,0.20085914973116714,0.00023996292494188505
ready,27,0.05569992524458838,0.7171255424167793,0.22715695614437445,1.7576194257994038e-05
slide,28,0.1637448338372239,0.343115746476796,0.4930768336083688,6.258607761122497e-05
many,29,0.18218540747003575,0.5773824992731774,0.24027307253945154,0.00015902071733520665
pitifully,30,0.10394164018729465,0.6794788625675559,0.21652749979887737,5.1997446272098544e-05
thin,31,0.23505545356928384,0.29335204027510214,0.4711900054250804,0.00040250073053355
compared,32,0.28887713588615366,0.49617563590298236,0.21457487200790476,0.0003723562029592203
size,33,0.36848906829300937,0.3177839185568641,0.31345292318913687,0.000274089960989554
rest,34,0.15314708859705917,0.5813862367829737,0.26529272383565317,0.00017395078431392771
waved,35,0.05486780828352721,0.5878005512643514,0.3572379031593882,9.373729273317985e-05
about,36,0.1582654692973164,0.5612520535761313,0.278684405763925,0.0017980713626273633
helplessly,37,0.09343806882911398,0.5838282696234595,0.3227141045440256,1.95570034010173e-05
proper,38,0.35343466257064826,0.35163402348219497,0.2938223759267736,0.0011089380203830994
human,39,0.404545340111884,0.27029372449060995,0.3246325054201464,0.0005284299773597085
room,40,0.073126880320647,0.18997333329970148,0.7368104508922945,8.933548735723738e-05
little,41,0.045155777361671666,0.17304370911007066,0.7816193623688752,0.0001811511593823791
too,42,0.07404421372116407,0.3549864101371901,0.5709395228730041,2.9853268641556375e-05
lay,43,0.06358626140615803,0.20543520655526412,0.7301644891174998,0.0008140429210780928
peacefully,44,0.0578775271910582,0.291657784080533,0.650462432550748,2.2561776609311894e-06
familiar,45,0.08564944023313845,0.09613293886455251,0.818199321693058,1.8299209251160245e-05
collection,46,0.05283718681894905,0.03254940556159702,0.9145203616709945,9.304594845955395e-05
textile,47,0.04107506028460904,0.02826654484732958,0.9304271308442398,0.00023126402382171846
sample,48,0.08761830761026948,0.041367187839424495,0.8708093802844897,0.00020512426581629784
lay,49,0.029315309482755087,0.07666272727948288,0.8935863704442505,0.0004355927935115665
spread,50,0.06378956169019269,0.04660870965127647,0.8895402829307201,6.144572781084105e-05
table,51,0.028588963638782307,0.021340524525950633,0.9498667098016407,0.0002038020336264861
samsa,52,0.024121933772181425,0.027793056732194284,0.94790099535433,0.00018401414129406594
wa,53,0.014410381358908545,0.028795522654985046,0.9563476830405087,0.0004464129455976953
travelling,54,0.02007579200288968,0.039414576827099534,0.9404884306993029,2.1200470707791155e-05
salesman,55,0.01693915708496595,0.027993654218806615,0.9550267598494505,4.0428846777053566e-05
there,56,0.03677122411896924,0.05017148813699921,0.9128388029602117,0.00021848478381998262
hung,57,0.00602349542511982,0.022207103640504697,0.9717649495403349,4.451394040599229e-06
picture,58,0.017427000114921824,0.01717563144100657,0.9653411927947558,5.6175649315925534e-05
had,59,0.022280976092113602,0.10814808797044377,0.869139761919222,0.0004311740182205269
recently,60,0.02474639074155305,0.054318974931450756,0.920530959349726,0.00040367497727009154
cut,61,0.009722928333338396,0.03282034878463016,0.9574519624168057,4.7604652257845956e-06
illustrated,62,0.013744771105216425,0.0107271650066178,0.9754747406048163,5.3323283349434056e-05
magazine,63,0.020407974830748604,0.02100049341221581,0.9585047571943345,8.677456270119862e-05
housed,64,0.024951760520380145,0.023468912402293183,0.9510199894669158,0.0005593376104108547
gilded,65,0.007429255438691665,0.007282260527188728,0.9852845856000947,3.898434024846583e-06
showed,66,0.04689844457574804,0.05567726923009269,0.8972211317326168,0.00020315446154251337
lady,67,0.006566683412681736,0.027421204358947848,0.9659761039671547,3.6008261215673025e-05
fitted,68,0.024631403119987266,0.022908613121919462,0.9524583548723898,1.6288857033408627e-06
fur,69,0.011280425638414623,0.014499570909320086,0.9742041524194578,1.5851032807467204e-05
hat,70,0.006705664379677588,0.01592752997780172,0.9773281562939551,3.86493485654734e-05
fur,71,0.011329854304415498,0.014575746418470203,0.9740784915460531,1.5907731061170736e-05
boa,72,0.008855152853338379,0.01672550546783891,0.9743190737054434,0.00010026797337941796
sat,73,0.012944753784145202,0.0383550301011569,0.9486449995253567,5.52165893412193e-05
raising,74,0.04353993165432375,0.052875211906453744,0.9034957217999908,8.913463923179777e-05
heavy,75,0.026324622635071376,0.026461101134814986,0.9471763881038696,3.7888126244063537e-05
fur,76,0.012305472042889015,0.015939510345786383,0.9717380374647017,1.698014662296113e-05
muff,77,0.010812617023459927,0.02077699872544224,0.968362809956628,4.7574294469792025e-05
covered,78,0.01184480629017384,0.015727645394084496,0.9722817376788234,0.00014581063691826128
whole,79,0.041383370298666886,0.04920824312725396,0.9093128679595893,9.551861448969016e-05
lower,80,0.05136188504762686,0.035983387693789504,0.9118428559950695,0.0008118712635140662
arm,81,0.04766795268593936,0.057072870410709534,0.8950309323438966,0.00022824455945462865
gregor,82,0.028818328709946512,0.05994469913681904,0.9112268285867736,1.0143566460951716e-05
then,83,0.03743578738193426,0.13450782485002408,0.8280122253811725,4.416238686920209e-05
turned,84,0.022645871202075393,0.13240226558631868,0.8449325796459856,1.9283565620430787e-05
look,85,0.0317988964093006,0.14004041888465402,0.8281210052971509,3.967940889431225e-05
window,86,0.02933720996525774,0.04831963177537015,0.922284625184785,5.853307458713368e-05
dull,87,0.042857884443472986,0.1160688556293581,0.8409453387862248,0.00012792114094415378
drop,88,0.07182077833824943,0.2987318362029428,0.6293415079309594,0.00010587752784825191
rain,89,0.0401199462228421,0.23020157606076888,0.7295443601294324,0.00013411758695659406
be,90,0.15436827797239716,0.6416668994650625,0.1874272573254152,0.01653756523712509
heard,91,0.04429135376224265,0.7751540503942584,0.1805403842317179,1.4211611781069125e-05
hitting,92,0.05213159784351238,0.6508682718714198,0.29697713715932883,2.299312573899185e-05
made,93,0.06511812366119132,0.8114082422765836,0.12342604372865694,4.759033356808611e-05
feel,94,0.04808024599217201,0.8985667609322251,0.05323003453350743,0.00012295854209549832
quite,95,0.07567205862987311,0.8526490456115802,0.07111326270454567,0.0005656330540010668
sleep,96,0.05757520076352386,0.868017892075021,0.07430172735905508,0.00010517980239994415
little,97,0.0440858050690398,0.834082978268695,0.12161431707557291,0.0002168995866923144
bit,98,0.08763303936776597,0.8300603035800619,0.08202876040990131,0.0002778966422706551
longer,99,0.0704248678499183,0.8990699559573321,0.03012216224503141,0.00038301394771813983
forget,100,0.017410538101915677,0.9586143158174266,0.02394786869754354,2.7277383114174242e-05
wa,101,0.057903411296570395,0.8487433848281691,0.09171741388404267,0.001635789991217665
something,102,0.04457851379484252,0.9291155803376707,0.02628238253392072,2.352333356580859e-05
wa,103,0.06120409363933332,0.8450863144251827,0.09204202081602471,0.0016675711194592032
unable,104,0.0327215788586796,0.9540967488864948,0.013181601091928483,7.116289711744507e-08
do,105,0.0543386907196589,0.9255858030990043,0.01959834893846887,0.0004771572428680313
wa,106,0.07554503882003988,0.8210259455218124,0.10160935900494063,0.0018196566532070813
used,107,0.22607819389036068,0.7221834300345076,0.0513476040126731,0.00039077206245858995
sleeping,108,0.06485616133137523,0.7953822138175995,0.1397185209143692,4.310393665612857e-05
present,109,0.18581153993014568,0.7392744054024101,0.07381774890830833,0.001096305759135966
state,110,0.2659073635652882,0.6785099949549909,0.05446001155630826,0.0011226299234127627
get,111,0.06801312330385993,0.9017672320780205,0.03001711179525099,0.00020253282286867354
inaugural,112,0.25647302228627794,0.6432490876171217,0.100277332156195,5.579404053169543e-07
stated,113,0.23716277573082825,0.7362600506725874,0.026546890621897787,3.0282974686507448e-05
holding,114,0.36166819747168116,0.5493481343914771,0.08825080139461565,0.000732866742226107
professorship,115,0.7614322335831384,0.2009179661870878,0.03762201539087546,2.7784838898501494e-05
direct,116,0.8049180812562936,0.17156918996107656,0.023359913745384916,0.00015281503724508242
practical,117,0.887376920808688,0.09026790314350766,0.022303157294614562,5.201875318983587e-05
chiefly,118,0.8226918090504493,0.12250473451733779,0.05357953166109258,0.0012239247711204348
natural,119,0.9187642446471082,0.046317237520099884,0.03423905005539168,0.0006794677774003433
history,120,0.8286465642037144,0.11859288474737421,0.052568615744313416,0.0001919353045980104
having,121,0.6971040653709426,0.25399417292426,0.04816661498516321,0.00073514671963411
course,122,0.8467201218414656,0.10494684537229648,0.04805609679204646,0.00027693599419141226
past,123,0.6591914719135953,0.2638336522002089,0.07670440083614156,0.0002704750500541551
year,124,0.6372238787537741,0.27444771020692543,0.08818500953210287,0.0001434015071976961
laid,125,0.7140336082246143,0.18153453126445168,0.10436480688830067,6.705362263345904e-05
foundational,126,0.9613433627861626,0.029823953101307567,0.008768959646155906,6.372446637383552e-05
element,127,0.9571936246098988,0.029526500775739907,0.012760696881655004,0.0005191777327063927
art,128,0.7874327988804422,0.10157902947625524,0.1107898772370983,0.00019829440620435692
sufficiently,129,0.8651013924705415,0.1187068265547049,0.01615732633120042,3.4454643553117906e-05
invite,130,0.4427728515988198,0.5201973895563724,0.03701930267887052,1.0456165937253826e-05
enter,131,0.6044312913019884,0.3463834360132654,0.048768159969759445,0.0004171127149868757
real,132,0.8387697706406938,0.1233018998349825,0.03773943317979373,0.00018889634452990973
work,133,0.8348330157164257,0.13025017722873142,0.03486255344665847,5.4253608184389085e-05
accordingly,134,0.8568519741757613,0.1290709861329483,0.013987585087847807,8.945460344245551e-05
propose,135,0.8694724162887816,0.12296079983070178,0.007534474123460699,3.230975705582579e-05
following,136,0.8272615473498155,0.13670465037596793,0.036022697129141,1.1105145075622323e-05
term,137,0.9418883923863057,0.045915178828197116,0.011752062325839896,0.00044436645965722306
give,138,0.7554768920610168,0.2206590306318534,0.023793540813161086,7.053649396863279e-05
practical,139,0.955232580696814,0.032981482206197385,0.011755453768551982,3.0483328436590942e-05
leading,140,0.8505036163680261,0.11590700526826493,0.033569289937687784,2.008842602105185e-05
elementary,141,0.9361388587278562,0.034547991266261395,0.028876647864791914,0.0004365021410904405
study,142,0.962071279948398,0.025170134080263473,0.012561115004190921,0.0001974709671476325
branch,143,0.9132549578318919,0.05952960795640138,0.025693033363104138,0.0015224008486024974
natural,144,0.9577717391333966,0.021309555159136573,0.020472844606735274,0.00044586110073150433
history,145,0.9001006100234501,0.06454767310824197,0.03521114304546695,0.00014057382284089734
form,146,0.9494999540623666,0.036190625893838944,0.013144476524170315,0.0011649435196241038
kind,147,0.8956498465131454,0.07923003867244104,0.02475177338686978,0.000368341427543693
center,148,0.9029423977646293,0.05615975576620815,0.040298331302658696,0.0005995151665039464
outset,149,0.855172234705639,0.1219101958187189,0.02289877736997462,1.879210566758571e-05
shortly,150,0.6279482126433513,0.28727918889159304,0.0847685486228495,4.049842206152714e-06
state,151,0.8700627084903945,0.09614220604677577,0.0330960992784045,0.0006989861844252483
position,152,0.8726015210246362,0.10368951279295893,0.02360310133522908,0.00010586484717584262
landscape,153,0.8266026640353797,0.044220687716897224,0.12845532736597937,0.0007213208817438144
painting,154,0.7934559252639969,0.06873473864645525,0.13775455470489295,5.478138465479441e-05
animal,155,0.8667012059588554,0.07222680445792588,0.060808723360552555,0.0002632662226664158
painting,156,0.7813994847510131,0.07170416656581134,0.14683314409886514,6.320458431030609e-05
hold,157,0.6706058055319237,0.28862911765916577,0.04051915179778729,0.000245925011123156
higher,158,0.9014034925252712,0.07103502886066472,0.026851401111723475,0.0007100775023406948
branch,159,0.8551557779977319,0.0945419903959281,0.04696159216989747,0.0033406394364425226
landscape,160,0.7893045800483461,0.05252848027917438,0.15681929045089996,0.0013476492215795085
painting,161,0.7576343041095193,0.08097369436652918,0.16128795782481636,0.0001040436991352364
is,162,0.055019709746293916,0.006045508626030676,0.003541033223503835,0.9353937484041716
thoughtful,163,0.7408801563974393,0.17832805540900673,0.08060839227450202,0.00018339591905193264
passionate,164,0.6788190443188538,0.23861581144734353,0.08251655206110849,4.8592172694315816e-05
representation,165,0.9548292334803292,0.031427477883689325,0.013242101230827703,0.0005011874051538373
physical,166,0.9491866340832059,0.03867290753058421,0.012033250339602756,0.0001072080466071077
condition,167,0.8970768378228743,0.08457844997518173,0.018077496545042968,0.00026721565690084986
appointed,168,0.7237415897652427,0.23606248216436412,0.04019591944591141,8.624481854015243e-09
human,169,0.92717029312526,0.05454886072745654,0.018035613933002126,0.0002452322142813989
imitates,170,0.8386229893116302,0.08152112662451293,0.07246366854634861,0.007392215517508377
record,171,0.7882280620605341,0.1530191120444872,0.058676549752507814,7.627614247095562e-05
visible,172,0.898614478867902,0.05056687182325862,0.049774992202304545,0.0010436571065346473
thing,173,0.6853528152179876,0.26276190132680755,0.05176847749838226,0.00011680595682233908
are,174,0.43000910311784785,0.04787164053137787,0.017710360412041423,0.5044088959387328
dangerous,175,0.7568264630067231,0.19524758279831983,0.047805991709992876,0.0001199624849642349
beneficial,176,0.9139625813645808,0.07323112637939158,0.012661443642855067,0.00014484861317259808
display,177,0.876725135083347,0.07096188621599628,0.05157847290808809,0.0007345057925685423
human,178,0.9234824076158157,0.05802626646117035,0.018219315229991314,0.000272010693022619
method,179,0.96003641378604,0.029240144807780772,0.010535406483898026,0.00018803492228119942
dealing,180,0.8719516243226307,0.10583901114409135,0.022048345712192018,0.00016101882108588583
enjoying,181,0.5928586884630699,0.3286019772687432,0.07847325436703927,6.607990114767683e-05
suffering,182,0.6883849206403907,0.2585327742202356,0.05307155919162411,1.0745947749552364e-05
are,183,0.4113677215886324,0.052095523349513374,0.018349812272106105,0.5181869427897482
exemplary,184,0.8566675693835475,0.11001357653341876,0.03316355274782859,0.0001553013352053084
deserving,185,0.7148897145058403,0.24807676460439448,0.03690325118087397,0.00013026970889131034
sympathetic,186,0.7981117853651984,0.16631506003548957,0.03555377157598,1.938302333192772e-05
animal,187,0.8763839646067312,0.07180476437332661,0.05153535024680282,0.0002759207731394314
painting,188,0.8160797184429756,0.06619229963141507,0.11767121580326044,5.676612234907977e-05
investigates,189,0.9222484299229969,0.05287669900158147,0.021267077145329952,0.0036077939300916463
law,190,0.9096644586870952,0.07222745490359482,0.018016554010433096,9.15323988768888e-05
greater,191,0.9169725152365141,0.05933384792303216,0.022856655463975716,0.0008369813764780466
le,192,0.7997846580478112,0.08973013627300246,0.11042321602723995,6.19896519463033e-05
nobility,193,0.8813688187791252,0.09032325703770291,0.028241512812551554,6.641137062035519e-05
character,194,0.8787045174292667,0.07743968161183519,0.04358422738155223,0.0002715735773460383
organic,195,0.9661994989844394,0.01902320259819753,0.014540945423142711,0.00023635299422038528
comparative,196,0.9745866492708315,0.01539356695793798,0.009981155395152541,3.862837607803937e-05
anatomy,197,0.941131660535601,0.02714513696445057,0.03168474671082912,3.84557891192448e-05
examines,198,0.9515728848827665,0.03195381887963328,0.01513863139431319,0.001334664843286984
greater,199,0.9251622926045416,0.05287184427671197,0.02111258111333423,0.0008532820054122877
le,200,0.8016937566382343,0.08771558149325714,0.1105180071494557,7.265471905280245e-05
development,201,0.945059977143104,0.03637299849519491,0.017725382117746626,0.0008416422439546313
organic,202,0.9577873998701922,0.023810944882537592,0.018010047896281266,0.0003916073509889323
function,203,0.9753323206411405,0.018182702322051002,0.005773868377654461,0.0007111086591540092
animal,204,0.8720748369122135,0.07236167519821528,0.05515281554104357,0.00041067234852762045
painting,205,0.7865448654548279,0.07633309363794122,0.1370188893109283,0.00010315159630257923
is,206,0.05356063354025413,0.0057390515031892535,0.0030183801266248037,0.9376819348299318
bring,207,0.5915233653303154,0.3624983458954128,0.045847715528756994,0.0001305732455148983
notice,208,0.744146957897039,0.21794426711065404,0.03788461223616201,2.416275614493703e-05
minor,209,0.7872836977393146,0.1362024238703166,0.07601309259213433,0.0005007857982344488
unthought,210,0.8935435797823877,0.08263206007657505,0.023397140042958703,0.0004272200980785499
condition,211,0.8860337396889739,0.09421724120884305,0.01932569399278058,0.0004233251094024068
power,212,0.8615549856902921,0.10849367706865228,0.029833379477248664,0.00011795776380692008
physiology,213,0.944200733823935,0.03468650434134975,0.021056289420208034,5.647241450732543e-05
is,214,0.05845871378011645,0.005498312104755717,0.002811903340432353,0.9332310707746955
ascertain,215,0.866769703555176,0.12158909100809526,0.01138423379527081,0.0002569716414579072
minor,216,0.8266445555800909,0.10956229661961357,0.06341178017891158,0.0003813676213841219
condition,217,0.9080433770342081,0.07542981383941391,0.016235624073767725,0.00029118505261028615
question,218,0.8702021216789163,0.1151300505127961,0.014633972528741063,3.3855279546541873e-05
purpose,219,0.9284639447141402,0.05479475049571221,0.016049264385364026,0.0006920404047834897
arrangement,220,0.9040993129523719,0.062337322839446783,0.03344036337591266,0.00012300083226862984
use,221,0.9223771542248571,0.06117460137777157,0.01585729375229134,0.0005909506450799009
organ,222,0.8816665598699911,0.06273197200074991,0.05540362343620296,0.00019784469305602538
animal,223,0.8747713982353297,0.07028874947619451,0.05465017094551009,0.00028968134296563345
le,224,0.7362813116041791,0.11941365318068084,0.14421122439477635,9.381082036375189e-05
province,225,0.8021984611560984,0.14609170636103475,0.049288746280344305,0.0024210862025225884
painter,226,0.7265525950675169,0.1102435128918933,0.16263386678565572,0.0005700252549341065
are,227,0.4035542258230066,0.052846969172118695,0.020419430348826494,0.5231793746560482
indeed,228,0.7843970659875791,0.18915627069152913,0.026285328971365023,0.00016133434952679201
more,229,0.7544954478702146,0.1909580530675354,0.054328180864003,0.00021831819824686056
likely,230,0.7776846018604084,0.1934354862769897,0.028541492481018067,0.0003384193815837502
commend,231,0.5980377496324004,0.3584516434283539,0.043499462222162735,1.1144717083029404e-05
drawing,232,0.8084023721404734,0.10004758744094716,0.09152869412020405,2.134629837517345e-05
dissect,233,0.8334584352822212,0.1315874683955381,0.034767843145507994,0.00018625317673285624
animal,234,0.8707323891914728,0.077904792214567,0.05109388303785211,0.00026893555610815913
generally,235,0.8903831382038759,0.0820657070834395,0.025161156189772424,0.0023899985229122686
assume,236,0.8627438064968854,0.1268154790598438,0.01027864088988889,0.00016207355338187395
form,237,0.9297978586447362,0.051569347160739666,0.016681020152071697,0.0019517740424524514
be,238,0.7979227425054511,0.16406350147128423,0.022314683289151822,0.015699072734112637
necessary,239,0.8968792430891844,0.09265613918560024,0.01039151607426247,7.310165095301479e-05
only,240,0.6977810112126268,0.24899067112642254,0.04977824955059521,0.003450068110355442
examine,241,0.8637130042545699,0.11894962129280044,0.017272770487077354,6.460396555237031e-05
is,242,0.04285454552457443,0.005287611423176103,0.002609494382147507,0.949248348670102
drawing,243,0.7749942500409289,0.11531436273764856,0.10964154516822038,4.9842053202089586e-05
outer,244,0.852368444838673,0.06669670394228448,0.08008922857926243,0.0008456226397799732
form,245,0.8989506146461331,0.07279748931009566,0.023595343934081785,0.004656552109689311
attentively,246,0.6523642248936881,0.28697042400565503,0.06064191025194875,2.34408487081903e-05
are,247,0.2517547735323126,0.0439760783261339,0.014913443497198194,0.6893557046443554
led,248,0.6707235956077116,0.2889559166519707,0.040307829367016774,1.2658373300867377e-05
necessarily,249,0.8541585002031534,0.13016196084401027,0.013877928815607461,0.001801610137228908
consider,250,0.7764050245295896,0.20876268703244646,0.013371577027832123,0.0014607114101317599
mode,251,0.8861147675494968,0.08103965518645329,0.03210277860726405,0.0007427986567858507
life,252,0.6152603824210446,0.2805604124536163,0.10364821660160589,0.0005309885237333238
is,253,0.030477449013822332,0.007732071914676743,0.0029230789878274825,0.9588674000836734
therefore,254,0.741564926343708,0.2377313044603105,0.019345716082303514,0.0013580531136780558
be,255,0.5539787902154268,0.3810461537464252,0.03752297180721718,0.027452084230930793
struck,256,0.30671657934819074,0.5536155519085835,0.13960811793705935,5.9750806166419294e-05
awkwardness,257,0.5642057588512608,0.36491366841217604,0.07085529039834049,2.5282338222728883e-05
apparent,258,0.6853781519247565,0.268940814296343,0.04561934516587655,6.168861302384094e-05
uselessness,259,0.5510174160629417,0.3727246383715375,0.076140990424252,0.00011695514126885803
sketching,260,0.3949439706672813,0.3689088362369449,0.23613514293945015,1.2050156323479633e-05
day,261,0.18989947233009147,0.6965815220221625,0.11320214696043665,0.00031685868730939494
several,262,0.3043648456493652,0.5718226476136745,0.123714002169443,9.8504567517315e-05
head,263,0.24102215964105736,0.5995658270791203,0.15890192509340112,0.0005100881864211631
bird,264,0.18414724411486463,0.5444853659489179,0.27052776226420394,0.0008396276720134685
became,265,0.15699864288050228,0.7354557672375659,0.06315869783931474,0.04438689204261718
vital,266,0.39422096827514597,0.5467242533484638,0.058996221380250985,5.8556996139163255e-05
matter,267,0.46101045118661255,0.4953166917709315,0.04342490851464431,0.00024794852781161115
interest,268,0.3977695854070303,0.55153483760374,0.05062324167353073,7.233531569890451e-05
know,269,0.07632181745220247,0.8978994215203501,0.02564640409368219,0.00013235693376523723
use,270,0.4110954448220641,0.5498031485484851,0.038035786858329715,0.0010656197711210714
bony,271,0.3254378426435305,0.5522118676983299,0.12206321457175308,0.0002870750863865598
process,272,0.4633317488184115,0.5043006379362448,0.032121329253226846,0.0002462839921167334
head,273,0.14683949229612733,0.7452221923419505,0.10753368345427908,0.00040463190764302023
asking,274,0.04751571960014721,0.9324545400600603,0.02002452953938546,5.210800407060137e-06
great,275,0.1224075086134476,0.7722049035204419,0.10534248821992946,4.5099646181019835e-05
found,276,0.13826161500232093,0.7927568753370832,0.06791531925682046,0.0010661904037753706
appeared,277,0.06737745928937366,0.8465276726593728,0.08592851986865481,0.00016634818259867167
absurd,278,0.17888070159703506,0.7711253496168369,0.049976609809643247,1.7338976484758788e-05
wa,279,0.11076893912027488,0.7632924111463164,0.12381494064622421,0.0021237090871844572
certainly,280,0.12460912974571138,0.8408671674847402,0.034455604613289115,6.809815625928349e-05
unanswerable,281,0.28331521126193415,0.6882786312793393,0.028260665371383647,0.00014549208734288474
have,282,0.19527025040125123,0.7629347560328696,0.040312222838120255,0.0014827707277587593
have,283,0.23945208754046565,0.7152675694805659,0.04369518360738884,0.0015851593715795653
just,284,0.14420382467654194,0.7510257396703397,0.10437650799466806,0.0003939276584502219
landscape,285,0.5425836595849575,0.19962390960303697,0.25649325631262276,0.001299174499382943
painting,286,0.5262833267990787,0.24149169669581672,0.23214124032645922,8.373617864541397e-05
representation,287,0.860720053637328,0.11213712967982631,0.02654954901441682,0.0005932676684288232
phenomenon,288,0.8690518012997546,0.10327588294637971,0.027197235331222706,0.00047508042264293347
relating,289,0.8400379759079728,0.13993202270646216,0.019694726745846283,0.0003352746397188572
human,290,0.7644248701930914,0.19977002347619205,0.035409598146500625,0.0003955081842159891
duty,291,0.4507106022108584,0.4911079814169862,0.05810957262888144,7.184374327395322e-05
civil,292,0.48607242945907825,0.4565167486626535,0.05709109743337989,0.00031972444488841
disobedience,293,0.4169546579055848,0.5481596263946352,0.034853803128136324,3.1912571643776506e-05
heartily,294,0.10093932500749281,0.8583453820908403,0.04071308912569572,2.2037759710357174e-06
accept,295,0.1682037585921357,0.8169011533125322,0.014810978840837298,8.410925449486047e-05
government,296,0.25019921489987224,0.7115933533270125,0.03767097442802228,0.0005364573450930638
is,297,0.012067497097820883,0.019007969854735886,0.002868693016081599,0.9660558400313616
best,298,0.1384290289375646,0.7524198722757783,0.10824105967873503,0.000910039107922035
governs,299,0.41525099920006747,0.33331854083480295,0.017234091631972846,0.2341963683331567
like,300,0.1335149862598704,0.7980952764185779,0.06759905286360758,0.0007906844579441861
see,301,0.1668103339780087,0.7926913406785382,0.036207386503002315,0.004290938840450784
acted,302,0.09804240114191319,0.8549566944998008,0.04684579645442493,0.00015510790386104637
more,303,0.14875713433056617,0.7978408039781226,0.05315698791093416,0.0002450737803770966
rapidly,304,0.2536140498604978,0.6941956534070602,0.052149120138969794,4.1176593472253295e-05
carried,305,0.14785595972849627,0.7959632718017652,0.05608443603141292,9.633243832546045e-05
finally,306,0.06315396391696756,0.9035827252193164,0.03322394072531355,3.9370138402528415e-05
amount,307,0.33023146081056204,0.6252303027176824,0.043157160465669475,0.0013810760060861391
also,308,0.13445815980855932,0.8003113065975911,0.0624928302437758,0.0027377033500737124
government,309,0.1694778541546492,0.7946219636856929,0.035282168919953935,0.0006180132397040234
is,310,0.007167728158892348,0.015753582364937724,0.0021766046860972926,0.9749020847900726
best,311,0.11628330124395142,0.7729490556032608,0.10942522908576516,0.0013424140670225213
governs,312,0.335620859598063,0.2973565304083261,0.01605437250630355,0.3509682374873074
not,313,0.10029321536018028,0.8779299733686105,0.02103205646353202,0.0007447548076771569
men,314,0.0871672280421896,0.8500653765261362,0.06255187763313708,0.0002155177985370027
are,315,0.05090342370753886,0.1296428909183977,0.013348722768647682,0.8061049626054158
prepared,316,0.1306428059049995,0.8207585108886266,0.04856571713250901,3.2966073864901225e-05
be,317,0.16419126882215512,0.7665214817276145,0.02968442820052986,0.039602821249700514
kind,318,0.24210268814923894,0.6996489838191564,0.055910807127424696,0.0023375209041799766
government,319,0.17018130327244427,0.7921287425961084,0.03688136682964744,0.0008085873017998306
government,320,0.17145342109510217,0.7901680433512844,0.03751457055163172,0.0008639650019816353
is,321,0.005480977144738064,0.012058995473029497,0.0017555027144435604,0.9807045246677889
best,322,0.11451368182984385,0.7697288702511883,0.11404570394351854,0.0017117439754493415
most,323,0.163042396393422,0.7598568755925288,0.07074628658681333,0.006354441427235968
government,324,0.17218568330797493,0.7877952108349968,0.038896516429811644,0.0011225894272166516
are,325,0.03832995148614795,0.09956238823770575,0.01071669215586303,0.8513909681202833
government,326,0.16348942019355575,0.7981253027655557,0.03732833311621749,0.001056943924671076
are,327,0.0403802239124627,0.1152340901198136,0.011447943928922092,0.8329377420388017
objection,328,0.17138146173640106,0.8108473235638748,0.0176704896053759,0.00010072509434810071
have,329,0.1056372302107948,0.85844342633196,0.031816068887262676,0.004103274569982475
been,330,0.09087579249389492,0.8006852929970052,0.04189667118879917,0.06654224332030063
brought,331,0.05583501347631511,0.9025585563693844,0.041603624475922966,2.8056783775527507e-06
standing,332,0.08953558605335882,0.8328724654286769,0.07677869057218208,0.0008132579457821603
are,333,0.056085044265547015,0.23896090314247,0.017455255599827874,0.6874987969921551
many,334,0.10488820913642762,0.846467687612336,0.04844115885757644,0.00020294439365983809
deserve,335,0.034511628799687014,0.9512941967672366,0.014079872593938132,0.00011430183913828973
also,336,0.08098955586294644,0.8698979597306196,0.047572965120754325,0.0015395192856798002
at,337,0.07142719395216891,0.8612185860722387,0.065273859759453,0.002080360216139457
last,338,0.03227336237292732,0.9219830609897726,0.04568897896332626,5.459767397396056e-05
be,339,0.09927404413665424,0.8634167673881812,0.022169605838703314,0.015139582636461141
brought,340,0.046060368406158674,0.916934868313183,0.03700314149584969,1.621784808499382e-06
standing,341,0.0830705909104055,0.8412631747512748,0.07504506558176594,0.0006211687565537689
standing,342,0.0881104032389764,0.8323451974598025,0.07882550572582538,0.0007188935753956699
army,343,0.11387392873440176,0.8298802911998828,0.056046181452281,0.00019959861343442193
is,344,0.00705971715586498,0.02164905427526151,0.002572635634079004,0.9687185929347946
only,345,0.09271990300605643,0.8596069325413676,0.043741101922485974,0.003932062530090121
arm,346,0.1740615093046594,0.7469471171997447,0.07726339057956422,0.001727982916031674
standing,347,0.11449548256882765,0.7918621197199603,0.0924725413549728,0.0011698563562390434
government,348,0.15446314388277518,0.8095778907674337,0.03528936058145796,0.0006696047683331425
is,349,0.007079684853099768,0.017686099980598766,0.002291436472479083,0.9729427786938223
only,350,0.10463358097121006,0.8473496042508084,0.04397308497010812,0.0040437298078733344
mode,351,0.4340313257519679,0.5040354599376763,0.060392936302849504,0.0015402780075064073
people,352,0.10753114107763656,0.8443756607769435,0.04663858693472062,0.0014546112106991532
have,353,0.10985526419136916,0.8569971416439465,0.030156382771765883,0.0029912113929184848
chosen,354,0.10262299011238293,0.8514141087520161,0.04592708273010557,3.581840549542046e-05
execute,355,0.10793337807446132,0.8749613836342519,0.017022420629015413,8.281766227125585e-05
is,356,0.008475574077193578,0.02683238021864442,0.002702250805511762,0.9619897948986502
equally,357,0.16004263644965816,0.806356384178666,0.03195779011788367,0.0016431892537920917
liable,358,0.1261279721324182,0.8563536878078543,0.017411338056515315,0.0001070020032122699
be,359,0.11121045957857136,0.8511465971289366,0.021266357987295866,0.01637658530519614
abused,360,0.035148650895588746,0.9474174724855678,0.017420722708627653,1.3153910215659781e-05
perverted,361,0.07476484803911901,0.891214658909441,0.033980026799937245,4.046625150282333e-05
people,362,0.07518889941459361,0.8895641303005501,0.034677208757007284,0.0005697615278488948
act,363,0.16724313937132884,0.7913397769432882,0.041195920574962415,0.00022116311042062118
witness,364,0.06312467069230812,0.9041141737109457,0.03275163056643448,9.525030311611375e-06
present,365,0.13118259669454418,0.8084075396502048,0.059410174473407566,0.0009996891818435311
mexican,366,0.13278854709127666,0.7905635298210185,0.07602163610698194,0.0006262869807229357
work,367,0.15852358867504387,0.7955197309068687,0.04588874374052101,6.793667756633082e-05
comparatively,368,0.2104601175607163,0.7289119706494008,0.05994459753741792,0.0006833142524648562
few,369,0.07083411089194017,0.8774365274121951,0.0516273376360891,0.00010202405977561421
individual,370,0.26357668081390473,0.6980351152501981,0.03824283035550666,0.00014537358039047656
using,371,0.3246171327243643,0.6288834610394706,0.04505702080788961,0.0014423854282755964
standing,372,0.09503162713094274,0.8351114922420493,0.06947507536704431,0.0003818052599636674
government,373,0.12290247554205225,0.8505480859615961,0.0263177099004766,0.00023172859587495775
people,374,0.08766468289660075,0.873496361716647,0.03817887614049149,0.0006600792462607118
not,375,0.06901025653496083,0.9159290159314961,0.01482180961310314,0.0002389179204399132
have,376,0.0971468434571765,0.874135742932545,0.02691688252330559,0.0018005310869728603
consented,377,0.057149955055209915,0.9306280041991878,0.012216247635447852,5.793110154486699e-06
american,378,0.15420092102340902,0.751962746929095,0.09354821805407795,0.00028811399341799695
is,379,0.010720432898103519,0.027966193616421036,0.0032352839192663716,0.958078089566209
recent,380,0.23481548102896999,0.6974881027310336,0.06692390016412934,0.0007725160758672594
endeavoring,381,0.14373607462662105,0.8237416360479509,0.03251825139554447,4.0379298835898255e-06
transmit,382,0.33590280204385536,0.6319935029403358,0.031560010299583725,0.0005436847162251404
unimpaired,383,0.3336258612320363,0.6235764782612666,0.04277638173023273,2.1278776464404697e-05
instant,384,0.24389223785011496,0.6966822279829967,0.05940519304203989,2.0341124848408434e-05
losing,385,0.050315505256889485,0.905821516192578,0.043854362132414185,8.616418118359112e-06
ha,386,0.14793846518638157,0.6576784926917778,0.1930674214122707,0.0013156207095698133
not,387,0.09236294974864065,0.8867705348273469,0.020640378284194173,0.00022613713981823745
vitality,388,0.287559046057544,0.6257599941887029,0.0865651460934436,0.00011581366030949444
force,389,0.26230736013245176,0.686740457176858,0.050753312916596155,0.00019886977409403262
single,390,0.18638849021067547,0.691053321446301,0.12079267553750588,0.0017655128055175519
living,391,0.1330946936715248,0.724146953463435,0.14215849274028092,0.0005998601247591988
single,392,0.19163087165182424,0.6705959346444661,0.13544335223682388,0.00232984146688581
man,393,0.0947904372096633,0.7595389393707082,0.14557472632032062,9.58970993077675e-05
bend,394,0.14628563649142254,0.6483015724737866,0.2045702659719485,0.0008425250628423859
is,395,0.008218130877004168,0.016377321118321308,0.0036204208414366912,0.9717841271632379
sort,396,0.2634254366002428,0.6622130533233154,0.07404460059007302,0.0003169094863688107
wooden,397,0.14396675552042693,0.5044876638312212,0.3510555815235135,0.0004899991248383068
gun,398,0.13529374755864576,0.6981102696645914,0.1665579832487818,3.799952798114689e-05
people,399,0.12916572631129336,0.7957331025605968,0.07328112574650351,0.0018200453816063058
is,400,0.008260897013190502,0.01754692590794565,0.003205534829148625,0.9709866422497152
not,401,0.09865746722945776,0.8762420269477432,0.024621166572654517,0.0004793392501445351
le,402,0.1624686548750922,0.630344116851299,0.2070085591488657,0.00017866912474316074
necessary,403,0.2957310303136939,0.6822288331365467,0.021906307473053957,0.00013382907670542348
people,404,0.1161762017753627,0.833525326645401,0.049412524298692584,0.0008859472805437317
have,405,0.11990966194563556,0.8476633315890364,0.03076810655260153,0.0016588999127264132
complicated,406,0.30978208072910224,0.6522212455690825,0.03784355923559136,0.00015311446622402007
machinery,407,0.34006526208685545,0.5890767027265285,0.07067241623451014,0.00018561895210598782
hear,408,0.04518224195870737,0.9351794860901528,0.01960337898739639,3.489296374342039e-05
satisfy,409,0.27164907665448046,0.7168869497112332,0.01115307926588271,0.00031089436840369983
idea,410,0.22245906416798797,0.7503018435373885,0.027222326788643156,1.6765505980538063e-05
government,411,0.12324925354103348,0.852510263527015,0.024051277466298954,0.0001892054656526311
government,412,0.11653785666777132,0.8599639471211683,0.023314555377390047,0.00018364083367040026
show,413,0.09101263295058312,0.8480960352644328,0.06069588657636722,0.00019544520861688398
thus,414,0.18846356799281486,0.7911230657893809,0.02006945794425718,0.0003439082735471509
successfully,415,0.06531746886703042,0.9141615301661817,0.020513829533017048,7.171433770798404e-06
men,416,0.047287473364190626,0.9180508266214444,0.03461956941803859,4.2130596326287976e-05
be,417,0.09498804852084163,0.8785258798957951,0.017595371940570946,0.008890699642792403
imposed,418,0.1494619522202007,0.8347642763575984,0.015769812894014575,3.95852818622406e-06
even,419,0.06273176776772628,0.9170370737849389,0.020132814115419374,9.834433191546428e-05
impose,420,0.12916619150885075,0.8623774327452433,0.008432803994147305,2.3571751758779442e-05
own,421,0.07718057960079489,0.8951884548426321,0.027608909222386187,2.2056334186789217e-05
government,422,0.0959206046655491,0.8825578415896802,0.02135315030662897,0.00016840343814163028
never,423,0.025082281554825187,0.9581880473602449,0.016724608887826148,5.062197103844723e-06
furthered,424,0.1848797490642111,0.7851983110096504,0.02991297200339485,8.96792274372151e-06
alacrity,425,0.09792362087979413,0.8582804620931784,0.043791877448672294,4.039578355130417e-06
got,426,0.01741176895372228,0.9568708908947737,0.02535757236113257,0.0003597677903711618
character,427,0.14571008521984927,0.7856392117731045,0.06824937541663578,0.0004013275904104294
inherent,428,0.430171133578304,0.5480073686121781,0.02170177602016869,0.00011972178934910102
american,429,0.12400086522545109,0.7914829043370232,0.08437566443443852,0.00014056600308728665
people,430,0.07951027681089803,0.8808465422893043,0.03915401219175257,0.0004891687080450842
ha,431,0.1030475131527631,0.7412161895988818,0.1547555236013869,0.0009807736469682911
done,432,0.07541339953480837,0.8850631627193031,0.03949964985710159,2.378788878713634e-05
ha,433,0.09661542768767839,0.752471603445988,0.14994291148059552,0.0009700573857379892
been,434,0.07047629149394743,0.8738596793667129,0.035208247140421894,0.020455781998917778
