token,id,G1,G2,G3,G4
metamorphosis,1,0.04205803592830844,0.8554263614769969,0.10234189034740222,0.00017371224729236892
gregor,2,0.046347253296156014,0.9234051103370214,0.030234847337981575,1.2789028840974004e-05
samsa,3,0.03807891245118062,0.9193467535123511,0.04222967711041847,0.000344656926049878
woke,4,0.06068048943926841,0.9324613500007451,0.00684449395711244,1.3666602874151921e-05
troubled,5,0.08172167661927282,0.8970031390629539,0.021269051888496607,6.132429276631621e-06
found,6,0.09721409977217996,0.8577795796815642,0.04427690302538639,0.0007294175208696153
transformed,7,0.061400367058092646,0.8696265677579927,0.06890457416507464,6.84910188400421e-05
bed,8,0.03562427118527827,0.9397666135880776,0.02434515040324945,0.00026396482339481744
horrible,9,0.1477888769395503,0.8122239345586464,0.03998529979572677,1.8887060763880752e-06
inaugural,10,0.03618195678015201,0.9279816393842678,0.03583620672689438,1.9710868563777067e-07
stated,11,0.2800064568594078,0.6345038289229129,0.08545820262544816,3.151159223114027e-05
holding,12,0.08113376723700498,0.8639671345972645,0.05451709454958557,0.00038200361614487135
professorship,13,0.082202482993779,0.6010887603088253,0.3166808216542146,2.7935043181075224e-05
direct,14,0.13436270332242836,0.5442092108991554,0.32121693319266514,0.00021115258575104873
practical,15,0.11625764401628214,0.3885515709332826,0.49509916098335904,9.162406707629321e-05
chiefly,16,0.11148576977844085,0.6399445083394499,0.24694077964989772,0.0016289422322114456
natural,17,0.06975372294575634,0.4311541343178987,0.4978110896439417,0.001281053092403315
history,18,0.09179917260625413,0.6821740901556561,0.22579610937629518,0.000230627861794609
having,19,0.24968963617279494,0.6172735978435133,0.13221186609954202,0.0008248998841497019
course,20,0.1130998572485275,0.6288339462111635,0.25767994545132944,0.0003862510889795926
past,21,0.19266388540681437,0.6952797629518273,0.1117957426537469,0.0002606089876113624
year,22,0.1630509119771047,0.7251458481005326,0.11168190537535523,0.0001213345470075202
laid,23,0.13126335884692006,0.6979223886256266,0.1707465543938888,6.769813356457857e-05
foundational,24,0.09802869337040751,0.11760743899225465,0.7842126605830485,0.00015120705428944934
element,25,0.09547125860953379,0.12936096360208751,0.7740113653236939,0.0011564124646848263
art,26,0.13490885183020287,0.47632945366143753,0.38848128803675464,0.00028040647160483247
sufficiently,27,0.4057868972939078,0.12286413850803721,0.471286584508093,6.237968996192227e-05
invite,28,0.718291936055995,0.1842515422318977,0.09744647035849992,1.005135360738966e-05
enter,29,0.5499979140075995,0.27345234541207775,0.17605712649277222,0.0004926140875506662
real,30,0.2856978339835506,0.19727518436481403,0.5167202871202351,0.0003066945314003745
work,31,0.3404431507066174,0.147083465816171,0.5123869341300081,8.644934720338507e-05
accordingly,32,0.4060522224988982,0.10119933514659635,0.4925954418093911,0.00015300054511429518
propose,33,0.3621174251854933,0.0556789393055918,0.582152792432051,5.084307686389852e-05
following,34,0.2718965294403621,0.23727277262632615,0.4908121795760667,1.8518357245050404e-05
term,35,0.11078232833283688,0.07342835892906623,0.8150454492160889,0.0007438635220079044
give,36,0.4526626903748746,0.12640299012582307,0.4208343285410674,9.999095823477664e-05
practical,37,0.06854005605975094,0.045464012168702064,0.8859509908997154,4.494087183160303e-05
leading,38,0.16854053051046008,0.23092270434740125,0.6005053911663241,3.1373975814533824e-05
elementary,39,0.036826917494668196,0.13463097581709027,0.8279511120368078,0.0005909946514336323
study,40,0.04733682539364897,0.05892775635907686,0.8934277369898961,0.0003076812573781639
branch,41,0.07136619425939918,0.26696681836353464,0.659206911980919,0.0024600753961473523
natural,42,0.03916284152767257,0.10150287132371563,0.8585665110273526,0.0007677761212592023
history,43,0.08783447907808184,0.34039445699009696,0.5715295015608766,0.0002415623709447408
form,44,0.10394287948755623,0.19082443831480247,0.7024123783541071,0.0028203038435343094
kind,45,0.186442353978588,0.3201700890753694,0.49264223562979376,0.0007453213162489552
center,46,0.055538964415004305,0.6328336523468427,0.31074819428732486,0.0008791889508281149
lay,47,0.16063565503671767,0.733594738910653,0.10469994543404498,0.0010696606185843522
lifted,48,0.12264763021817268,0.7962358039884212,0.08111625545525551,3.103381505439057e-07
head,49,0.051820710341625775,0.8848788735082881,0.06308273434677927,0.00021768180330692606
little,50,0.08567210366690886,0.8718880658490801,0.042249729001157754,0.00019010148285334943
see,51,0.22389724180120169,0.6394172629974353,0.1337950979758626,0.0028903972255004524
brown,52,0.0484997040289183,0.9074900502833703,0.043858637397911036,0.00015160828980039233
slightly,53,0.09096750038459733,0.7984524872947291,0.1101498118902222,0.00043020043045132145
domed,54,0.04468428917789186,0.8254564302484153,0.12923526083520362,0.0006240197384892195
divided,55,0.06525544462287357,0.6947777984050459,0.2390847369927572,0.0008820199793232737
arch,56,0.04652635958991144,0.7925149981712555,0.15954003583751417,0.0014186064013190002
stiff,57,0.11683870234278096,0.6407704446952127,0.24233754030295943,5.3312659046947624e-05
sidelight,58,0.06912127913307761,0.46164726363659686,0.46829314089369556,0.0009383163366299049
relativity,59,0.017028697913197163,0.041897726575776936,0.941067208222533,6.367288492889253e-06
ether,60,0.02276801943418372,0.07159909116716286,0.9055395757190396,9.33136796138242e-05
theory,61,0.014332294908751146,0.01755366449393681,0.968097936344414,1.610425289815263e-05
relativity,62,0.01160429449721941,0.01753325824151614,0.9708581547956899,4.292465574518413e-06
address,63,0.09464063411492764,0.07577590781875461,0.8292399857143133,0.00034347235200441834
delivered,64,0.13941929646077775,0.21477473316759774,0.6457959255649407,1.0044806683870938e-05
may,65,0.15076890229504925,0.13307096580987618,0.7139262082225208,0.002233923672553737
university,66,0.05156593471945538,0.13949668554356393,0.808662898047093,0.00027448168988780365
leyden,67,0.06274536677408747,0.15554691312996127,0.7814905472268825,0.0002171728690687955
doe,68,0.10430701623798119,0.21246679937845692,0.6828505824485644,0.00037560193499744946
come,69,0.38570387422068364,0.18560347405889638,0.4286145057701562,7.814595026354495e-05
idea,70,0.09666339613806695,0.04410470681489134,0.8592142936324235,1.7603414618289125e-05
ponderable,71,0.05837390443089954,0.03323109068899732,0.9073639711161349,0.0010310337639682311
is,72,0.005664085270261163,0.006866427374389365,0.05621589841200154,0.931253588943348
derived,73,0.02578536178125145,0.025644122973408255,0.9465432952684558,0.0020272199768844594
abstraction,74,0.012115083892363477,0.017955593859696802,0.9697696043004936,0.00015971794744610814
everyday,75,0.07806069785056714,0.06981027503715877,0.8520346262423387,9.440086993535494e-05
physicist,76,0.01488452429067059,0.029073728963159698,0.9558617303062766,0.00018001643989301608
set,77,0.08835521766561784,0.11216961883157453,0.7994531305984165,2.2032904391046165e-05
idea,78,0.07124023163015787,0.033010942689316335,0.8957388038653101,1.0021815215528349e-05
existence,79,0.044626172611517766,0.03406370943046846,0.9211610857783741,0.00014903217963983876
kind,80,0.09381752518486311,0.056871018289963396,0.8488923382569904,0.0004191182681831321
outset,81,0.1431029583825526,0.08100430328789536,0.7758697324005877,2.3005928964332383e-05
shortly,82,0.1828329907779197,0.350330716637879,0.4668319017510517,4.390833149680901e-06
state,83,0.0781976228569394,0.11605263887077966,0.8049926523744789,0.000757085897801986
position,84,0.0890422353920637,0.11103323267044778,0.7998094765475807,0.0001150553899078385
landscape,85,0.03110240066320628,0.12108540222365362,0.8471288385443756,0.0006833585687643708
painting,86,0.049196758191983055,0.15153499101711015,0.7992148923612624,5.335842964438876e-05
animal,87,0.0650884968408762,0.0950474340024519,0.8395964733618044,0.00026759579486737757
painting,88,0.05273300142931744,0.16256278491775916,0.7846417116723462,6.25019805771236e-05
hold,89,0.32322073592129036,0.17194473174384536,0.5045363587210546,0.0002981736138097561
higher,90,0.07417106371106753,0.07959983859549771,0.8454396110419451,0.0007894866514896501
branch,91,0.06938447599688097,0.19570550869696182,0.7312517931566157,0.0036582221495416543
landscape,92,0.04312892328969844,0.16506858590900375,0.7903964424923868,0.0014060483089108377
painting,93,0.06933382447850645,0.2063649373643026,0.7241884577294385,0.00011278042775239725
is,94,0.0064524832171155575,0.008754819527641395,0.03780348808889245,0.9469892091663505
thoughtful,95,0.23825964995150384,0.1781606038091393,0.5833574353489478,0.00022231089040891409
passionate,96,0.28344001745784764,0.23033409012722844,0.48616843980955443,5.7452605369532516e-05
representation,97,0.055153513329008835,0.050678819560521775,0.8935048827138816,0.0006627843965876088
physical,98,0.07404153973424063,0.05968548148607286,0.8661211096091387,0.0001518691705478619
condition,99,0.20784338622634338,0.10590699214546094,0.6858410433760316,0.0004085782521641381
appointed,100,0.2620841155142168,0.41782792667074564,0.32008794809787294,9.717164572421823e-09
human,101,0.1882503158709172,0.12996347844313333,0.6813503813570454,0.0004358243289041375
bedding,102,0.1953713730474801,0.3553088335234817,0.4489565328485953,0.0003632605804428935
wa,103,0.1823786577207727,0.6720741285264741,0.14309377165186343,0.0024534421008897294
hardly,104,0.6722784759328485,0.22671231538495623,0.10087913724817654,0.00013007143401869186
able,105,0.7250085238194064,0.1778610894956292,0.09712993166530609,4.550196582718758e-07
cover,106,0.38278461081295706,0.44685921362657594,0.1701073165195736,0.00024885904089334127
seemed,107,0.7353462481450603,0.19041117611499778,0.07400829592408767,0.00023427981585430802
ready,108,0.6595340000843944,0.2957741701576084,0.04467050218391329,2.1327574083736594e-05
slide,109,0.31259740113792944,0.4727023398690726,0.21460558886595568,9.467012704223064e-05
imitates,110,0.342502241536502,0.36566311691770603,0.2776799246583261,0.014154716887465894
record,111,0.3792510486149225,0.42135484559414826,0.19927359874524384,0.00012050704568533051
visible,112,0.3006884391410618,0.281528056125173,0.4148857244245866,0.002897780309178498
thing,113,0.6728258991040613,0.1944793417645918,0.13255629862902515,0.00013846050232182286
are,114,0.15794295246747198,0.05913667513850461,0.08669351964845579,0.6962268527455676
dangerous,115,0.6041456817621411,0.19636896435944587,0.19930207572054556,0.00018327815786748955
beneficial,116,0.4868329812427634,0.08171694694956178,0.4311051354057758,0.00034493640189904454
display,117,0.35711524270654177,0.22867498717962167,0.4123940349950343,0.0018157351188021894
human,118,0.34895013269111036,0.10854285626692688,0.5418297487135056,0.0006772623284570831
method,119,0.21329900411143934,0.07261782647045342,0.7135591067259938,0.0005240626921136197
dealing,120,0.5194205159109685,0.1294743856506602,0.35077691847529446,0.0003281799630768008
enjoying,121,0.7269852157579412,0.19015758133652078,0.08279171512168713,6.548778385092586e-05
suffering,122,0.6899580648080532,0.19175045383180972,0.11827873645353619,1.2744906600731152e-05
are,123,0.2368165988684105,0.04293649770982834,0.06352635963300998,0.6567205437887512
exemplary,124,0.6857608719535667,0.11956628478439311,0.1944011964017802,0.00027164686025998934
deserving,125,0.8631662055216942,0.07607349290472024,0.060645136412572236,0.0001151651610133962
sympathetic,126,0.8048472139707913,0.09539330584560468,0.09973472137342422,2.47588101796961e-05
duty,127,0.7228855475709068,0.17327879637167878,0.10375516602307876,8.049003433548131e-05
civil,128,0.6736736328965651,0.18065192597421215,0.14531784395732106,0.0003565971719015243
disobedience,129,0.7679402933793896,0.10000477295083508,0.1320249950356619,2.993863411337502e-05
heartily,130,0.8922854312853974,0.08426540811981537,0.02344743653229969,1.7240624875075404e-06
accept,131,0.9171081321402971,0.04289918981742492,0.03993322279818677,5.945524409117021e-05
government,132,0.7228512063150697,0.15405547823520485,0.12254674881456491,0.0005465666351604411
is,133,0.0206177545857938,0.006673758716278263,0.006358675378420461,0.9663498113195075
best,134,0.6502812830825873,0.26396465412891096,0.0846946243993793,0.0010594383891225992
governs,135,0.32560532417027593,0.07432717391563258,0.3389778303143753,0.26108967159971613
like,136,0.7742551301414847,0.13545572468280406,0.08928907988598526,0.001000065289725958
see,137,0.7664702205806692,0.10261391076204451,0.12530489621235888,0.00561097244492735
acted,138,0.6734276429467733,0.2175765407234067,0.10871095269984864,0.00028486362997135194
more,139,0.6871972367256537,0.16488921447764657,0.14748554727939056,0.0004280015173091202
rapidly,140,0.4982860253256762,0.17440209345413368,0.32724256548172365,6.931573846653817e-05
explanation,141,0.40965406242533436,0.0611001106303266,0.5288154937776982,0.0004303331666408399
is,142,0.015022577589967894,0.0070877442408362286,0.012971693225610294,0.9649179849435856
probably,143,0.6428282754519117,0.15100931700975118,0.20368961597064114,0.002472791567696072
be,144,0.6570856388601091,0.07448626239689683,0.24433817668149344,0.02408992206150065
sought,145,0.581788997881612,0.12491037044849833,0.29329536255726935,5.269112620244346e-06
phenomenon,146,0.10815519109608586,0.03498040222333107,0.8563014839035106,0.0005629227770724645
have,147,0.5726642893332171,0.08309240420282303,0.3419337688796594,0.002309537584300627
given,148,0.2560122629191968,0.08245848947871831,0.6614564089653924,7.283863669245848e-05
rise,149,0.12593140716523343,0.0884920786701999,0.7854876554645708,8.885869999589481e-05
theory,150,0.019086849537535342,0.010171398234414765,0.9707256638484073,1.6088379642704832e-05
action,151,0.09943848419171684,0.06860290985626855,0.8319166089281729,4.199702384173047e-05
property,152,0.05864769783471365,0.055475938370137985,0.8857112229228364,0.00016514087231185668
light,153,0.04253529944315488,0.10628196304317454,0.8510307916001157,0.00015194591355485975
have,154,0.2770311980098901,0.06713789134653401,0.6543248248024791,0.001506085841096739
led,155,0.11972979156305782,0.11668371302648058,0.7635824685407124,4.026869749114249e-06
undulatory,156,0.007271836710874768,0.011752423267898807,0.9807981593828271,0.0001775806383992348
animal,157,0.044403837686284996,0.05538968181350458,0.9000304709339696,0.0001760095662408685
painting,158,0.03391224216326462,0.09104624635800118,0.8750039432405405,3.7568238193561375e-05
investigates,159,0.026097150761542922,0.0339955427649355,0.9377136881340165,0.002193618339505086
law,160,0.04381851026212657,0.03752968867511657,0.91858809369914,6.370736361694088e-05
greater,161,0.043916683563578654,0.04870976203729279,0.9066656378095513,0.0007079165895771634
le,162,0.041614629522113755,0.15910249322117764,0.7992321963216161,5.068093509247859e-05
nobility,163,0.07334077769655134,0.05584783617290571,0.8707498977275465,6.148840299639818e-05
character,164,0.0630262722303586,0.0638273063078831,0.8729046731706762,0.00024174829108206542
organic,165,0.012532416758960347,0.01609143130926173,0.9712095643394758,0.00016658759230203234
comparative,166,0.008700746193180866,0.01427093289142125,0.9770025483508273,2.577256457048896e-05
anatomy,167,0.016122659374660214,0.034333251501210006,0.9495152167846796,2.8872339450021623e-05
examines,168,0.020554904644317216,0.023422535930343602,0.9550433364873762,0.000979222937962956
greater,169,0.04360032378623452,0.04874333656515215,0.9068577078688062,0.0007986317798071885
le,170,0.044460585498991345,0.16986676989453786,0.7856088418621948,6.380274427594327e-05
development,171,0.02774203192705358,0.039475429727234335,0.9320373302899803,0.0007452080557317701
organic,172,0.017464553028933637,0.021845914466464608,0.9603904761436312,0.0002990563609706529
function,173,0.018243924882664787,0.010467854576803349,0.9707206430536968,0.0005675774868351632
animal,174,0.062388029436143536,0.0772807487944073,0.8599379417354898,0.0003932800339595241
painting,175,0.05480487548442045,0.1403277080448814,0.8047695746904665,9.784178023160808e-05
is,176,0.005731446062642601,0.0066437418442489024,0.045729026012959785,0.9418957860801487
bring,177,0.4082348595686512,0.14673295424463753,0.4448851241506728,0.00014706203603842555
notice,178,0.23969030258998483,0.10630321547498289,0.6539799507807852,2.65311542470922e-05
minor,179,0.13007336822287083,0.19277597596802584,0.6765641384013527,0.0005865174077506533
unthought,180,0.09873156570528019,0.04430783933299078,0.8565357276771839,0.000424867284545168
condition,181,0.11247877402918893,0.05001718448154393,0.8370690206682323,0.0004350208210348254
power,182,0.0981482706311376,0.092330106906663,0.8093998833972821,0.0001217390649173192
physiology,183,0.023240177321742637,0.039756933687421406,0.9369566317516275,4.625723920850157e-05
is,184,0.005716430188015002,0.006556701429240024,0.04619403802047331,0.9415328303622718
ascertain,185,0.1825727861415267,0.04556014544266689,0.7715686892994026,0.00029837911640375814
minor,186,0.11595346448367909,0.17969640052451455,0.7038730823491408,0.0004770526426656596
condition,187,0.10270690370576116,0.04846125996752874,0.8485046102639336,0.000327226062776395
question,188,0.16600177726340937,0.062372005834917914,0.7715848593277328,4.1357573939928336e-05
purpose,189,0.079193802890859,0.06723738543171096,0.8526649081887814,0.0009039034886486396
arrangement,190,0.08675800974835529,0.0973900653318173,0.8156880370932267,0.00016388782660078984
use,191,0.13248062269262575,0.07409390537576695,0.7924630778653895,0.0009623940662179275
organ,192,0.07919946121940588,0.18002616068114433,0.7404931540417009,0.0002812240577489578
animal,193,0.1362535831440335,0.17371704965453838,0.6895415978995201,0.00048776930190802683
le,194,0.1344864450430474,0.46333677511889554,0.402047185214419,0.00012959462363815017
province,195,0.2593014445296891,0.3535808795552001,0.3831314920830784,0.003986183832032348
painter,196,0.20659413986503042,0.42636656969282155,0.36613756152108834,0.0009017289210596319
are,197,0.15241115277146336,0.060102107494393826,0.09736081237528828,0.6901259273588546
indeed,198,0.7243190263630342,0.10164438291153415,0.17382108238244007,0.00021550834299159145
more,199,0.6451228657412111,0.2076280201479893,0.1469416557911235,0.0003074583196760644
likely,200,0.8082262825959812,0.08355907123484246,0.10785012943366053,0.00036451673551574494
commend,201,0.8493340885710075,0.09897594465646595,0.05168184779928902,8.118973237591833e-06
drawing,202,0.4651367110478275,0.33620760819406237,0.19861794390774798,3.77368503622597e-05
many,203,0.764063445557763,0.1436660095930286,0.09212121065507488,0.00014933419413350446
pitifully,204,0.7608229208265,0.18183734361999052,0.05729207277652279,4.7662776986664e-05
thin,205,0.48505253478115784,0.29857158843709747,0.21586378007629142,0.0005120967054532223
compared,206,0.6837745053815629,0.1710969671881973,0.14481159265848864,0.0003169347717512414
size,207,0.4987375812264927,0.24949352956439882,0.2514883294085412,0.00028055980056741796
rest,208,0.6931625190623024,0.24151914237044636,0.06517433612336193,0.0001440024438892755
waved,209,0.6912261714383287,0.28748621700627214,0.02120496803394409,8.264352145512565e-05
about,210,0.7707335042841335,0.16762309651404436,0.060363994602096856,0.0012794045997252745
helplessly,211,0.8160485952799784,0.14953309921427096,0.03440444507961451,1.386042613616564e-05
let,212,0.8778364174466455,0.09230189728559585,0.02983997068635957,2.1714581399003803e-05
devote,213,0.8680932625531351,0.07641836335199938,0.055466442750032076,2.193134483338143e-05
little,214,0.7174744207244378,0.2392970240676227,0.04295542828425732,0.00027312692368210243
while,215,0.7774554461762594,0.16966117666792238,0.052365314488418566,0.0005180626673997961
consideration,216,0.7751037601415348,0.0661195391481696,0.15872380581249523,5.2894897800486216e-05
proper,217,0.7095938363763155,0.12521543400809504,0.16438285384501036,0.0008078757705792842
human,218,0.6672488414808568,0.0966112895367328,0.23573967853851063,0.0004001904438996606
room,219,0.6015294816948148,0.3230002927710534,0.07533556198855966,0.00013466354557215517
little,220,0.7212987052038128,0.23474001485278762,0.043687711933385526,0.0002735680100140444
too,221,0.8944915312654262,0.07849782863468725,0.026992201671563628,1.8438428322948234e-05
lay,222,0.7959473324185852,0.16085472976951715,0.042308598926869695,0.0008893388850280416
peacefully,223,0.8637688829361527,0.1059127249551354,0.030316596648568027,1.795460143793613e-06
familiar,224,0.7934140821718886,0.10561485194704746,0.10094311751852733,2.7948362536663085e-05
outside,225,0.8016916386319316,0.15107696620798808,0.045800322389329726,0.0014310727707505205
physic,226,0.5731728048588431,0.16073726085655,0.26593560112140674,0.00015433316320016756
know,227,0.9426036492059743,0.04051969689912361,0.01679158002747773,8.507386742433819e-05
nothing,228,0.9093846703091092,0.0633224460657671,0.02728761891912781,5.264705995774798e-06
action,229,0.7235173457902645,0.12283946502755205,0.1535677490840342,7.544009814920081e-05
carried,230,0.7474872478472235,0.171147746880433,0.08127768335364519,8.732191869836279e-05
finally,231,0.8290408182444282,0.1371778883037608,0.03374304765057017,3.824580124084654e-05
amount,232,0.678341570154689,0.10644378336469465,0.21397512901452076,0.0012395174660955611
also,233,0.7786098763722253,0.14996718985429172,0.06889441445449337,0.0025285193189895244
government,234,0.7130677025008552,0.163932086522474,0.12234684123950458,0.0006533697371663093
is,235,0.015958780356467552,0.005539649804140229,0.00486147090285747,0.9736400989365348
best,236,0.6443408063824154,0.27503905159865505,0.07917414143183957,0.001446000587090017
governs,237,0.30329163010988863,0.0706451065928644,0.2790161430652138,0.3470471202320331
not,238,0.9114041112095249,0.048730694279389364,0.03931203697204915,0.0005531575390365653
men,239,0.717459084815943,0.22326391871085044,0.05902625814885647,0.0002507383243501698
are,240,0.14820988025246012,0.027686612411944145,0.029513023016808995,0.7945904843187868
prepared,241,0.7641719605711949,0.15279666031984604,0.0829968976931892,3.448141577004373e-05
be,242,0.8283063693218455,0.06662402723114,0.07368544799398827,0.03138415545302623
kind,243,0.6971116016374709,0.12587135445529435,0.17484006323072201,0.0021769806765127983
government,244,0.673250709702089,0.19067494733513138,0.1351768667489123,0.0008974762138673486
government,245,0.6624460580878143,0.19769511192366307,0.13889347832902543,0.0009653516594972202
is,246,0.010793751818171594,0.004858800094569512,0.004001900775620625,0.9803455473116383
best,247,0.5839681242990984,0.32551982465106893,0.08860358597965007,0.00190846507018268
most,248,0.6852952624053394,0.20789974703493153,0.10027534679697953,0.006529643762749388
government,249,0.6279253975854905,0.21199072895345988,0.1588423483310172,0.0012415251300323421
are,250,0.10183296584696408,0.02508334646303061,0.028730870925705976,0.8443528167642993
government,251,0.6218695926176341,0.20328524115456006,0.17371986466048417,0.0011253015673218056
are,252,0.11947600915826197,0.027860325363135784,0.03761679827195771,0.8150468672066447
try,253,0.8516880289741864,0.10700766142949424,0.04128303726689358,2.1272329425843438e-05
connect,254,0.6361373585158973,0.18044206661747342,0.17419043111404173,0.009230143752587702
cause,255,0.6733481277051783,0.0639900976340146,0.26244550309250286,0.0002162715683042224
effect,256,0.3637378116066895,0.08893039234280513,0.5472864345200646,4.536153044061984e-05
experience,257,0.6045766341401997,0.1233903596499275,0.27194736585768525,8.564035218759364e-05
natural,258,0.27533741477185303,0.11837292098325783,0.6043954678345642,0.0018941964103249837
object,259,0.2955959476730761,0.07267221714741667,0.631464423092755,0.00026741208675230474
afford,260,0.8691078777579879,0.06082951748412764,0.07000313012451088,5.9474633373462686e-05
seems,261,0.8379556166318042,0.06765083836364054,0.09097413601722952,0.0034194089873256406
first,262,0.6591914166604693,0.23494477664035046,0.10574448045380787,0.00011932624537226367
were,263,0.7757725745071684,0.14578781543805705,0.06066605032615207,0.017773559728622566
other,264,0.7618121693670087,0.11938019829789001,0.11863597228680006,0.00017166004830120957
mutual,265,0.6578371128692102,0.11259347377759761,0.2294471721837678,0.00012224116942432953
action,266,0.6766381975372867,0.12220509737260861,0.20109187528966518,6.482980043938685e-05
immediate,267,0.7808672966557515,0.1018961673138414,0.11721090129156932,2.5634738837816047e-05
dissect,268,0.7896888008739459,0.0769309361479549,0.1331810104861605,0.00019925249193874695
animal,269,0.6061857580481972,0.15088042323109585,0.24246746768246805,0.0004663510382388345
generally,270,0.7498216908296591,0.08004705461982149,0.16643231390490199,0.003698940645617456
assume,271,0.8334992929112989,0.041045134588628795,0.12527526027241728,0.00018031222765500408
form,272,0.5842663012384912,0.09489000143163656,0.3162966537772811,0.004547043552591002
be,273,0.845218905068635,0.05334981893007529,0.08703550840842439,0.014395767592865325
necessary,274,0.7141760721648919,0.055943239156078954,0.2297613021166631,0.00011938656236616306
only,275,0.76684559597603,0.14715720148146477,0.08275256936705856,0.0032446331754465915
examine,276,0.6693490331492756,0.07489234563162522,0.25565636771570804,0.00010225350339122933
is,277,0.014292902755323038,0.0067585949262637945,0.008614049396439465,0.9703344529219737
drawing,278,0.3645167957780649,0.3325147195878436,0.30288204958159615,8.643505249526173e-05
outer,279,0.25041989050847063,0.30631663404422665,0.44144692106319394,0.0018165543841087226
form,280,0.3808062922788632,0.1350884284549729,0.4738679106240257,0.01023736864213814
attentively,281,0.6782552170783058,0.15015853872261356,0.1715591055936035,2.7138605477091336e-05
are,282,0.11494229302475199,0.036195612463563676,0.05951310002534302,0.7893489944863413
led,283,0.5184391773922845,0.2715382073573152,0.21000584697203634,1.67682783640017e-05
necessarily,284,0.6135403993730032,0.057945093357107624,0.3257373439578128,0.002777163312076483
consider,285,0.688353363748975,0.06237642308106559,0.24743515353312326,0.0018350596368362482
mode,286,0.2733555604433842,0.14786980318886309,0.5773894338198524,0.0013852025479003153
life,287,0.4367392887456732,0.32514848328203116,0.2374724834706184,0.0006397445016772129
is,288,0.01067964965838256,0.010242019659051478,0.0096906367099212,0.9693876939726448
therefore,289,0.5570823563712174,0.1289653954019478,0.3121138962362153,0.0018383519906193758
be,290,0.6123819119907031,0.18827095157153406,0.16961199525265114,0.02973514118511162
struck,291,0.22058264204629408,0.7044422459857761,0.07493165070636405,4.346126156593659e-05
awkwardness,292,0.30382798490125723,0.40556745843872366,0.29057607725661067,2.847940340839525e-05
apparent,293,0.23154386026063561,0.36912127796211885,0.39926117147753376,7.369029971169095e-05
uselessness,294,0.1734514943938504,0.5498333015717536,0.2766014654970252,0.00011373853737072577
collection,295,0.0677923852985605,0.7624756858519629,0.16946269189909824,0.00026923695037843243
textile,296,0.056205787595624654,0.8045077138418784,0.13865496128964985,0.0006315372728473321
sample,297,0.08608482225129646,0.6888211966277837,0.224649705550241,0.0004442755706789281
lay,298,0.10458671598704185,0.8560755999778638,0.03861437733669997,0.0007233066983942388
spread,299,0.0816006148551409,0.8061285741639779,0.11215646862896764,0.0001143423519136575
table,300,0.03787717726186676,0.9015277418248558,0.060129469590704754,0.00046561132257256317
samsa,301,0.040706396157311184,0.9100151599612893,0.048908597986101685,0.0003698458952978518
wa,302,0.019309747218817945,0.965670362823296,0.014453561288981337,0.000566328668904737
travelling,303,0.038792023727889695,0.9402524876701099,0.020925186849139785,3.0301752860642734e-05
salesman,304,0.027217019151870036,0.9481943862034045,0.02452684258415157,6.175206057393491e-05
there,305,0.07201000203442016,0.8901159306996713,0.03753666637036378,0.00033740089554476087
hung,306,0.02855787738025026,0.9632922825172834,0.008140594899276665,9.245203189675931e-06
picture,307,0.03465426507440541,0.9280620996533325,0.037145058235864274,0.00013857703639766274
had,308,0.10297097908763471,0.8823637666712794,0.014189151237520554,0.0004761030035655625
recently,309,0.08037021197050845,0.8948986537450927,0.024110595056463728,0.000620539227935194
cut,310,0.0407650672831347,0.9490226931509201,0.010203965704947518,8.273860997652979e-06
illustrated,311,0.02050571737250768,0.9474276570676601,0.031923424255314276,0.00014320130451786652
magazine,312,0.025465588093723197,0.9416679336922067,0.03271358023587426,0.000152897978195884
housed,313,0.02601670815710242,0.9424533753500043,0.030626294193908336,0.0009036222989849306
gilded,314,0.017732820730365435,0.9594382505892022,0.02281474027335869,1.4188407073587976e-05
sketching,315,0.03266574662081312,0.9269032119395313,0.04042732071121903,3.7207284366511744e-06
day,316,0.05202018676688895,0.932099713193337,0.015783588079145046,9.651196062910297e-05
several,317,0.07801157017602521,0.8813875834736512,0.040554676584866604,4.6169765456891344e-05
head,318,0.03485216933811139,0.9370666420316387,0.02793028671760815,0.00015090191264172288
bird,319,0.045854881620552554,0.9230833685264199,0.030742365228658464,0.0003193846243689893
became,320,0.10668388530419409,0.8306773938756871,0.03651870484675354,0.026120015973365378
vital,321,0.1387462764290973,0.6889967431686438,0.17220786983461306,4.9110567645781395e-05
matter,322,0.21309076813086322,0.4561473926942243,0.33049527938433343,0.000266559790578988
interest,323,0.1927833168660015,0.5482595495265742,0.25888318546374905,7.394814367529564e-05
know,324,0.5104838329016825,0.43453655735291624,0.05478432333040424,0.00019528641499708596
use,325,0.25678916819875414,0.4458749053776165,0.29607972863521387,0.0012561977884154932
bony,326,0.1313535244017622,0.6642952186510052,0.20410619528175206,0.00024506166548061514
process,327,0.19775905353909728,0.37554161397234387,0.4264256190871329,0.0002737134014260231
head,328,0.09654546567905875,0.828476936288301,0.07469567426906808,0.000281923763572053
asking,329,0.42954719807730507,0.5153134936376832,0.05513007277365002,9.235511361696894e-06
great,330,0.15914873424145182,0.7418017627611452,0.09900555386484107,4.394913256190161e-05
found,331,0.28731697320033434,0.5698572363666169,0.14145977403813578,0.0013660163949129637
appeared,332,0.20553493953668775,0.7203388927712494,0.07391975450620035,0.0002064131858624463
absurd,333,0.3410252252604632,0.34685988574344456,0.3120902494786872,2.463951740495981e-05
wa,334,0.11025914200306584,0.7660482968983041,0.12172672619982709,0.0019658348988030277
certainly,335,0.5561950426333577,0.21482079970650222,0.22887451826071384,0.0001096393994262258
unanswerable,336,0.30681638631526936,0.14008251042629052,0.5529267762937586,0.00017432696468148393
communication,337,0.09272464144536034,0.10544942951385644,0.8015800553659447,0.0002458736748385176
motion,338,0.08508779241966596,0.09868177446401744,0.8161648920910917,6.554102522500534e-05
push,339,0.38024067626462854,0.23676503923096914,0.3829767521309842,1.7532373418168742e-05
heating,340,0.05923972681565474,0.10598761494427618,0.8342934488737465,0.0004792093663225622
inducing,341,0.14581887052926468,0.07522170050919251,0.7787832418589004,0.000176187102642389
combustion,342,0.06479464325478353,0.07659556195335872,0.85843001527028,0.00017977952157783664
mean,343,0.33536975609661707,0.09744448820682595,0.562730753850324,0.00445500184623304
is,344,0.007802295811030751,0.006111608418619034,0.01787053491317333,0.9682155608571769
true,345,0.37422488982366214,0.12428386141589842,0.49986116768273287,0.0016300810777064823
even,346,0.6471164354911599,0.13221618601638582,0.22010555364368803,0.000561824848766299
everyday,347,0.39320262574071674,0.17505420605874603,0.431401080224075,0.0003420879764623375
experience,348,0.4934834373804687,0.14810144085113255,0.3582366764652523,0.000178445303146533
is,349,0.012317355419072291,0.006198402329093259,0.00995656820820906,0.9715276740436255
sense,350,0.46589295937539965,0.08018186659070012,0.4534574023170728,0.00046777171682743705
action,351,0.5367449331875519,0.16075757598235277,0.3023459289586377,0.00015156187145751193
play,352,0.7289176761756799,0.19141118530775109,0.07933462675735749,0.00033651175921147635
very,353,0.7549554553062985,0.13545838430444518,0.10813064134427003,0.0014555190449862124
important,354,0.6528764394825421,0.11720417013111767,0.2282699559935136,0.0016494343928265198
objection,355,0.7951827097015849,0.07484380255755964,0.12993498656014882,3.850118070662245e-05
have,356,0.8802540119490215,0.06840264353410615,0.049754649653939276,0.001588694862932955
been,357,0.7775643718717512,0.13122951843175545,0.0553600102811549,0.035846099415338416
brought,358,0.711109936870116,0.24283340146089494,0.046054386661196114,2.2750077929718637e-06
standing,359,0.534552398097058,0.38710859036764333,0.07761659294506743,0.0007224185902311023
are,360,0.21815625753460707,0.0740344255802714,0.043157333196129945,0.6646519836889916
many,361,0.6545363128383656,0.26089011974877824,0.08434212033805884,0.00023144707479737293
deserve,362,0.8381998481518111,0.13227592825920184,0.02937584089210581,0.00014838269688119984
also,363,0.4833888571785796,0.4488804828548166,0.06587507349517606,0.0018555864714277254
at,364,0.19585274104171244,0.7581131128557268,0.04426057760842368,0.0017735684941371785
last,365,0.24954972999548736,0.7305100421718114,0.01988607272023716,5.415511246421503e-05
be,366,0.49781422515593604,0.4027416819818884,0.0826198595253492,0.01682423333682651
brought,367,0.20048330119259325,0.7688488504607247,0.03066658225121706,1.2660954648918932e-06
standing,368,0.09692700097199157,0.8672264850396191,0.035589086968427865,0.0002574270199613541
showed,369,0.14129148391924928,0.7848802647106009,0.07341360276781154,0.00041464860233830905
lady,370,0.04994775770807397,0.9387105617858887,0.011256023617818675,8.56568882186152e-05
fitted,371,0.044491368447241726,0.9132367510343065,0.04226823565966669,3.6448587851385876e-06
fur,372,0.03311117603624713,0.9389066691129148,0.027936115460477872,4.603939036014981e-05
hat,373,0.02222402927166787,0.9667623503546146,0.01092928653741156,8.433383630609175e-05
fur,374,0.02798369400316692,0.9467497842875103,0.02522469660618975,4.182510313296976e-05
boa,375,0.024029294096391058,0.961487580434095,0.014265545513265147,0.00021757995624877577
sat,376,0.02973071604494836,0.9582469466432122,0.011951137018359608,7.120029347971423e-05
raising,377,0.05538322471123691,0.9028612283825336,0.041641955832979666,0.00011359107324986447
heavy,378,0.03183691686754216,0.9344859583108663,0.033614772402276435,6.235241931508697e-05
fur,379,0.025587984922717574,0.9502913905669277,0.02408074763258903,3.987687776575191e-05
muff,380,0.023922357714866425,0.9594329368347004,0.01655678621999874,8.791923043448544e-05
covered,381,0.025023134471953954,0.9554471898966647,0.019196431984878186,0.0003332436465031661
whole,382,0.058759982314037666,0.8981610017030977,0.042946438011641344,0.0001325779712234661
lower,383,0.03569361195277378,0.9135708348994637,0.049656258274573484,0.0010792948731892197
arm,384,0.03178197081377861,0.9351746154659625,0.03283735097227327,0.00020606274798549065
gregor,385,0.04522400892816077,0.9272465936034976,0.027517052860260863,1.2344608081007899e-05
then,386,0.0692288228216012,0.9133959729357407,0.01734112525329036,3.407898936759185e-05
turned,387,0.06971528033584551,0.9189666817678656,0.011301536899181635,1.6500997107280404e-05
look,388,0.13740877992125541,0.8375308118190714,0.025010074513033213,5.033374664011228e-05
window,389,0.026184756195540167,0.9467315753698383,0.027016082611454575,6.758582316703341e-05
dull,390,0.08125766252649912,0.8817436614357513,0.03684663855883941,0.00015203747891011233
drop,391,0.10528451906398716,0.861782286109894,0.032857303654757426,7.589117136144902e-05
rain,392,0.0676053484213448,0.9091101045943452,0.02317997690976631,0.00010457007454362134
be,393,0.42558856015988944,0.4766755177190809,0.0831045151104339,0.014631407010595787
heard,394,0.29649398370331087,0.6768003723179434,0.02669200638939385,1.3637589351885902e-05
hitting,395,0.12226955938514777,0.8517035530861008,0.026010784294909856,1.6103233841653172e-05
made,396,0.29016054380235484,0.6573976445451151,0.052389525295538204,5.228635699188023e-05
feel,397,0.6317817457474342,0.3049722601287128,0.06305671383968682,0.00018928028416611612
quite,398,0.5476341130863935,0.3469172038939366,0.1046080340876297,0.0008406489320400737
have,399,0.6713925521954377,0.2132895629422319,0.11355013392983332,0.001767750932497152
have,400,0.6643821154680509,0.19331700932378323,0.14048130746770265,0.0018195677404632652
just,401,0.40032082507242844,0.5145793808773037,0.08467360649909383,0.00042618755117396716
landscape,402,0.10657543475088872,0.3643353695493049,0.5278167534070886,0.001272442292717659
painting,403,0.13246421748835038,0.34892597120336993,0.5185280041142325,8.180719404714012e-05
representation,404,0.08195745363002391,0.06778072049900391,0.8497455299508957,0.0005162959200764474
phenomenon,405,0.07810035814453407,0.04644521691905124,0.8750848732812203,0.00036955165519437225
relating,406,0.11549792963847484,0.05438409889442442,0.8298274328887885,0.0002905385783122577
human,407,0.14811911112480197,0.07894238971879693,0.7726236073693891,0.000314891787012118
daily,408,0.25739141362726453,0.369370267230253,0.3723509565854876,0.0008873625569947717
experience,409,0.3533188906254187,0.1367411532994588,0.5098762524757587,6.370359936386744e-05
weight,410,0.22947842889874584,0.14079023746582767,0.6293301243237683,0.0004012093116581697
body,411,0.31120583282200864,0.17725900942231404,0.5095010920820321,0.0020340656736452427
meet,412,0.7995379047898296,0.12306963446355991,0.07705892423542134,0.00033353651118911095
something,413,0.8138675631037309,0.08437387466856132,0.10171210293263266,4.6459295075223624e-05
something,414,0.8373406378250015,0.07722488226692475,0.08538669699523657,4.7782912837137365e-05
not,415,0.9062279113962406,0.04009284273665187,0.053425489673703204,0.00025375619340427946
linked,416,0.643046816968722,0.11614055346529557,0.23901746612123856,0.0017951634447438253
cause,417,0.7687101619207592,0.048449539114925305,0.18266776863866382,0.00017253032565162768
is,418,0.026646205100680265,0.006861400679980961,0.00903770348849693,0.9574546907308419
variable,419,0.288339106286046,0.05338685480144065,0.6521175589463252,0.0061564799661882
time,420,0.8115532272250383,0.11286183035103364,0.07547022360150807,0.00011471882242006388
do,421,0.9148834144036367,0.04350523866501597,0.04086638026416881,0.0007449666671784455
not,422,0.9425488110215434,0.02746554297435738,0.0298140171241494,0.0001716288799496056
everyday,423,0.750755420387597,0.10336689449367437,0.14575904673419363,0.00011863838453488627
life,424,0.7766206454139537,0.12583662654926117,0.09732835227924462,0.00021437575754035845
speculate,425,0.9128077105792356,0.03123967691165788,0.055924105153199455,2.8507355906987133e-05
cause,426,0.8505815551793363,0.03567334173025392,0.11366521208318825,7.989100722148721e-05
therefore,427,0.8536376920123062,0.03266588510980096,0.11321068252913458,0.0004857403487583333
do,428,0.915413380908206,0.04307994323307058,0.04103764846508718,0.0004690273936360481
not,429,0.9263330985548435,0.03320437080199426,0.0403249442699691,0.00013758637319315648
become,430,0.8611733328242436,0.07362048037369202,0.06428678870292018,0.000919398099144251
conscious,431,0.5967475799683252,0.09062592714582174,0.3125475757217342,7.891716411889094e-05
character,432,0.5091540114331184,0.17956760585855325,0.31074984341962425,0.000528539288704009
action,433,0.3919617519620706,0.15545023719863857,0.45251622504618705,7.178579310369583e-05
wa,434,0.24194911959391813,0.523396091500943,0.23189564710614233,0.0027591417989964876
theory,435,0.06238501475845271,0.027890309117645375,0.9096935088669744,3.116725692740987e-05
