token,id,G1,G2,G3,G4
a,1,0.2963672942693572,0.48796303406644165,0.20883511567702828,0.006834555987172867
abandoning,2,0.8785409351467933,0.08341530050262726,0.03801625442142217,2.75099291571984e-05
abbey,3,0.056198952203247395,0.9018449028805566,0.041840616207214326,0.00011552870898173788
aberration,4,0.27192072390769656,0.056268459899722026,0.6716694801383277,0.00014133605425349803
abide,5,0.8553453999506794,0.07319724593178961,0.07112660486397306,0.00033074925355793775
ability,6,0.2587946521101088,0.2891870321419568,0.45199601454735594,2.230120057858705e-05
able,7,0.8795116234940275,0.07495250867781489,0.04553553321385276,3.346143048808682e-07
abolished,8,0.4336877563557877,0.36656046605491815,0.19971711274871268,3.4664840581470646e-05
abolition,9,0.5316143698634075,0.24211366958612146,0.22610422852581427,0.00016773202465678378
abolitionist,10,0.8063815781748874,0.10890518961590888,0.08464838968256799,6.484252663578956e-05
about,11,0.45171271294245796,0.49610130781833667,0.051042448710351115,0.0011435305288542415
above,12,0.19018351772814518,0.4079680569298152,0.38672898715430154,0.015119438187738067
absence,13,0.08667243565311016,0.05896967047231025,0.8543119663644134,4.592751016635501e-05
absolute,14,0.17960560548388327,0.0696534855276943,0.7504486612716128,0.00029224771680951055
absolutely,15,0.7703225811836937,0.08805406044876013,0.14104802005288608,0.0005753383146601803
abstraction,16,0.044278723745963415,0.12457649027857184,0.8308697523174937,0.00027503365797097447
absurd,17,0.3410252252604632,0.34685988574344456,0.3120902494786872,2.463951740495981e-05
abused,18,0.9200414261724031,0.06012766221317446,0.019817674155604814,1.3237458817641172e-05
academy,19,0.12831396132299439,0.29060480446133496,0.580519338388296,0.000561895827374776
acceleration,20,0.07387365567889125,0.027007054514792572,0.8990279144160092,9.137539030704311e-05
accept,21,0.8634725427252009,0.0568375726100943,0.0796263071257282,6.357753897648952e-05
accompanies,22,0.24673604515383893,0.31866760510357595,0.3637544439900505,0.0708419057525346
according,23,0.3128749234592342,0.12404872118883817,0.5608901155274231,0.0021862398245045384
accordingly,24,0.4060522224988982,0.10119933514659635,0.4925954418093911,0.00015300054511429518
accurate,25,0.11931665520222651,0.05949075679824951,0.8209799601575731,0.0002126278419508879
accurately,26,0.14971212432795614,0.13894995733037477,0.7109285558228724,0.00040936251879668224
accusation,27,0.857273105850301,0.060744668700090335,0.08196332460771369,1.890084189486373e-05
accuse,28,0.9402096248901703,0.04207816367413479,0.017710193745529967,2.0176901649103407e-06
accustomed,29,0.6605849095619405,0.2085630179528432,0.13085123623942363,8.362457926845703e-07
achieved,30,0.23417560483127248,0.390085897831274,0.3755631052585024,0.0001753920789511148
acquired,31,0.053837736515781484,0.5367939172922029,0.4093554881362128,1.2858055802716704e-05
acquires,32,0.025829366769364828,0.0768637430746594,0.8737356645610144,0.023571225594961425
act,33,0.7705825392589535,0.10278410955034988,0.12639914832061316,0.0002342028700835567
acted,34,0.6734276429467733,0.2175765407234067,0.10871095269984864,0.00028486362997135194
action,35,0.4213617013655693,0.15346062916274258,0.4250775832641565,0.00010008620753152993
activity,36,0.11744702760162347,0.10136881796484586,0.778509615593427,0.0026745388401036387
actual,37,0.21552351373314807,0.09389158334991163,0.6903420468070922,0.00024285610984817435
actually,38,0.9358893040436027,0.043200725138679535,0.020661165646689465,0.0002488051710282866
adapted,39,0.13615761115889286,0.3060518458982885,0.5577758685047087,1.467443810993507e-05
added,40,0.3180675753280186,0.26910756618612147,0.4127776040819776,4.725440388238963e-05
addition,41,0.09026269717046292,0.1014529571363117,0.807827013715335,0.0004573319778902414
address,42,0.11492618607557287,0.08071108336311761,0.8039903941572988,0.0003723364040106317
adduced,43,0.3088858536018968,0.18747363342485446,0.5036295772635091,1.0935709739688977e-05
adjoining,44,0.06644853515159846,0.8515986745956772,0.08013901254896892,0.0018137777037554445
admirable,45,0.29883003661258634,0.37670522541872276,0.3244506083456851,1.4129623005832996e-05
admirably,46,0.6897957241920694,0.2023906940075928,0.10778074110771436,3.284069262354935e-05
admit,47,0.9098997854288507,0.03534151028986262,0.054713729286534125,4.497499475260821e-05
admittedly,48,0.45179917687494764,0.3451113639241826,0.202908583377115,0.0001808758237545202
admitting,49,0.5725841764697667,0.12245455332509435,0.3049433473512153,1.7922853923691335e-05
ado,50,0.6531814635633687,0.2705487211690002,0.07582388243491694,0.00044593283271407425
adopting,51,0.19872536030158894,0.10839381783121939,0.6926683863380578,0.00021243552913378312
adopts,52,0.24642454122921661,0.33146992639242945,0.385995699441988,0.0361098329363659
advance,53,0.4407329586823023,0.2203691987354934,0.33886625118940955,3.159139279495129e-05
advice,54,0.8690084346695073,0.06855830379944503,0.0624210525877558,1.2208943291723689e-05
advocated,55,0.13544766865194138,0.09225682279615574,0.7722649722123814,3.053633952146012e-05
afflict,56,0.9188638055626677,0.040928591391415955,0.040135848017943856,7.175502797240219e-05
afford,57,0.8691078777579879,0.06082951748412764,0.07000313012451088,5.9474633373462686e-05
affords,58,0.06633843486659494,0.05630727364509908,0.8463467186899428,0.031007572798363175
afraid,59,0.8749932406112001,0.1108806139214089,0.014124997626324147,1.1478410668677918e-06
after,60,0.7251926935637585,0.22508017416286386,0.04957661557039795,0.0001505167029797503
afterwards,61,0.1681329110026802,0.7989312438169223,0.032922622158610915,1.3223021786550881e-05
again,62,0.5451189556859504,0.35258519378644604,0.102281493835221,1.43566923825552e-05
age,63,0.2601970435095782,0.5097131797495518,0.23000692681832716,8.284992254288097e-05
agent,64,0.516125651620472,0.21061226271194147,0.27268930010732945,0.000572785560257138
agitated,65,0.5489509749256726,0.337882272545305,0.11315655396179441,1.0198567228023384e-05
agree,66,0.9229049395800877,0.04136919310134919,0.03569042473063595,3.5442587927234136e-05
agreed,67,0.8005573845113316,0.11317699939632675,0.08626417456916018,1.4415231816410106e-06
agriculture,68,0.23310149219203882,0.4544850877841245,0.30798466587768103,0.004428754146155621
aid,69,0.27562608162236335,0.6109759690399804,0.11334678387087452,5.1165466781619165e-05
aimed,70,0.2752533729852755,0.19083820299047158,0.5337886240865977,0.00011979993765516214
air,71,0.12383787162850687,0.5225400579885444,0.3531023192196984,0.0005197511632502194
alacrity,72,0.7746857357660245,0.13787378894559582,0.08743580236162693,4.6729267526324704e-06
alarm,73,0.12629659108192504,0.7953348996420436,0.07832240934148842,4.6099934542953264e-05
alive,74,0.07278040925963598,0.9168902289829804,0.01026710849277121,6.22532646123516e-05
all,75,0.5087066374389713,0.38198782195755565,0.10882770059859725,0.00047784000487584343
allegiance,76,0.7737607765285265,0.13574297412354358,0.09047199744409581,2.425190383430593e-05
allow,77,0.8526165981624536,0.04569836143565186,0.10162792733263057,5.7113069263834516e-05
alluvion,78,0.07565984677083876,0.7444266534814729,0.17842659640253777,0.0014869033451507183
almost,79,0.5188806336409134,0.2735253277669143,0.2066406440009015,0.0009533945912706985
almshouses,80,0.07672230108817468,0.851336695765795,0.07142417020309459,0.0005168329429357349
alone,81,0.3185486078670215,0.3953592464544288,0.2859037962982684,0.00018834938028131063
already,82,0.7095246348637029,0.2504042125104323,0.04001028450293059,6.086812293419351e-05
alright,83,0.7922851605731057,0.1886918301676772,0.018989388842079413,3.362041713769927e-05
also,84,0.4119288112082282,0.29797953210924144,0.28838652276726545,0.0017051339152650725
alter,85,0.7239566890925694,0.08095189723856433,0.19492607070853465,0.0001653429603315809
alternative,86,0.2664673819267395,0.1609801004522539,0.5679519180690951,0.004600599551911555
alters,87,0.03503988439895041,0.03776306092145583,0.9244505495346573,0.002746505144936416
always,88,0.6744084149636684,0.2561407618832404,0.06885183387730999,0.0005989892757812728
am,89,0.6739374322643209,0.2783970920395549,0.038884916583518746,0.00878055911260542
amazed,90,0.17939395710528683,0.7970250847016896,0.023580486806994524,4.7138602913346755e-07
amenable,91,0.044025258181776473,0.011802757182898686,0.9441391726803868,3.281195493810032e-05
amend,92,0.8786983605269872,0.03693359287764319,0.08436036655904094,7.680036328497118e-06
america,93,0.721213695222466,0.18468819006284798,0.09393502264909886,0.00016309206558711694
american,94,0.33885253387862796,0.4748602340092183,0.1860891503477643,0.00019808176438944737
amount,95,0.678341570154689,0.10644378336469465,0.21397512901452076,0.0012395174660955611
anatomy,96,0.12561074141514833,0.20364345025152536,0.6705996125149144,0.00014619581841176856
anger,97,0.8848097965401762,0.08034678157832136,0.03483943208955998,3.989791942458846e-06
angle,98,0.07052096357138883,0.6118471610387025,0.3172467140323874,0.0003851613575212187
animal,99,0.1828639410311071,0.11046306749919961,0.7063147903226503,0.0003582011470429263
annoyed,100,0.4756582117920738,0.420292830944548,0.10404055263896549,8.404624412637985e-06
answer,101,0.8818178198802386,0.06395089739286304,0.054216195993587235,1.5086733311277535e-05
answered,102,0.5625463388194702,0.2707687651047318,0.16667336716615028,1.1528909647729238e-05
anticipate,103,0.3635132148665681,0.05595852319874557,0.5805143466084051,1.39153262812653e-05
anxious,104,0.7066038299556812,0.13176399687838541,0.16163077928516043,1.393880772978428e-06
anyone,105,0.845258360938538,0.12092992125836574,0.033706907213350124,0.00010481058974610833
anything,106,0.6806461215872909,0.11616374881341975,0.20315305151123564,3.707808805373566e-05
anywhere,107,0.5821688853096194,0.2114565406172109,0.20480397931608396,0.0015705947570857114
apart,108,0.7884322423087203,0.13973109866648767,0.07069757023123874,0.0011390887935532807
apelles,109,0.0699571083160289,0.8643424421343366,0.06566087404682557,3.95755028088914e-05
apparent,110,0.23154386026063561,0.36912127796211885,0.39926117147753376,7.369029971169095e-05
appear,111,0.6417286280306126,0.10795373859442031,0.250110484758422,0.00020714861654514398
appeared,112,0.43340029667278146,0.4655133369654787,0.10084084396794764,0.00024552239379218243
appearing,113,0.171085630891975,0.5781065207101184,0.25066857741125853,0.00013927098664803892
appears,114,0.40013420518430637,0.2829076514520653,0.2859611794663796,0.0309969638972487
appertaining,115,0.6513224754505815,0.11091296834121549,0.23742556286834254,0.00033899333986044453
applauded,116,0.8727198365127642,0.08502457414710146,0.04225134046738627,4.248872748154078e-06
applicable,117,0.549796033862778,0.03910344704330697,0.40838846819215374,0.0027120509017611906
application,118,0.07421858881930388,0.1705599343843677,0.7550061488751043,0.00021532792122397473
applied,119,0.6624828649929242,0.06563813845302247,0.27171650302256434,0.0001624935314891729
appointed,120,0.2620841155142168,0.41782792667074564,0.32008794809787294,9.717164572421823e-09
appreciate,121,0.9113032265212453,0.040586823184680744,0.04809068668312362,1.9263610950247863e-05
appropriate,122,0.5705869095218387,0.07421503929098731,0.3524639588061136,0.002734092381060565
approximately,123,0.2763009596828017,0.33631208418448055,0.36668572280184203,0.0207012333308757
apt,124,0.39913358207521354,0.15892285294851,0.44101923275984567,0.0009243322164307565
aptly,125,0.2107572443096208,0.37723654652516403,0.40685107660066105,0.005155132564554086
arch,126,0.04652635958991144,0.7925149981712555,0.15954003583751417,0.0014186064013190002
are,127,0.14046454145414017,0.061392427419267044,0.08173314778731104,0.7164098833392821
argument,128,0.30146292613623293,0.23728927815587733,0.46117716449859064,7.063120929910582e-05
arises,129,0.33372021936661816,0.0598778543700796,0.5655790784311912,0.04082284783211107
arm,130,0.08940569196625295,0.8301151797586257,0.08004152776573216,0.00043760050938910415
armor,131,0.11142306481789635,0.4755016889735158,0.4129671101700325,0.00010813603855528784
army,132,0.1163711267719036,0.8030604696472613,0.08043157680888299,0.0001368267719521065
arrangement,133,0.08675800974835529,0.0973900653318173,0.8156880370932267,0.00016388782660078984
arrive,134,0.6809649848082131,0.15205305756364684,0.1669301637257104,5.179390242957508e-05
art,135,0.3338871726601573,0.4093683100458789,0.25629449525829034,0.00045002203567335973
artistic,136,0.0735516642205309,0.8071399824956995,0.11926642712424211,4.1926159527537134e-05
ascertain,137,0.1825727861415267,0.04556014544266689,0.7715686892994026,0.00029837911640375814
ascribing,138,0.36468352173770163,0.05794734111793532,0.5773137381584053,5.5398985957925865e-05
ask,139,0.9502671804666916,0.037830630105703034,0.01188842954354244,1.3759884063077703e-05
asked,140,0.4873762075934755,0.48613709465156146,0.02648603319576427,6.645591987829102e-07
asking,141,0.42954719807730507,0.5153134936376832,0.05513007277365002,9.235511361696894e-06
asleep,142,0.7793025971612042,0.1875450149783229,0.0331423391539857,1.0048706487294804e-05
assert,143,0.31950254349468515,0.044090089068691315,0.6364009490741271,6.418362496468124e-06
asserts,144,0.5488010290879254,0.15354266747533693,0.2969437746936108,0.0007125287431270078
assigned,145,0.45985939245877905,0.27868066692474625,0.2614360789983265,2.3861618148240335e-05
assistant,146,0.7157705582768177,0.21559324097180385,0.06863387307783197,2.327673546556069e-06
associated,147,0.06886922488121273,0.06382170294261107,0.8662371170206815,0.0010719551554947214
assume,148,0.4658985368921414,0.04689397118299474,0.48695674547077034,0.00025074645409346887
assuming,149,0.4137376811044972,0.11603626360515712,0.4698541435717039,0.00037191171864171205
assumption,150,0.10681432406111092,0.07791053163612918,0.8119194706004886,0.003355673702271259
assured,151,0.8967480402668377,0.05805941053661984,0.045190962040863036,1.5871556793006222e-06
asymmetry,152,0.026696153017864377,0.016634907846695253,0.9561230424421735,0.0005458966932668898
at,153,0.1926738930398062,0.7079601165933477,0.09711304302560071,0.0022529473412455413
atom,154,0.11294746990948372,0.09121649101669956,0.7955815649245155,0.0002544741493012815
attack,155,0.8076484996393684,0.13028225463817225,0.06194880423989167,0.00012044148256776821
attempt,156,0.7492950643165711,0.11489097996321196,0.13581076249800567,3.193222211261863e-06
attend,157,0.899525937110834,0.07943028370626734,0.020882310205190446,0.0001614689777082247
attention,158,0.13145819588026078,0.8049061814693004,0.06362649020383569,9.132446603255903e-06
attentively,159,0.6782552170783058,0.15015853872261356,0.1715591055936035,2.7138605477091336e-05
aurora,160,0.12412129053661283,0.7684962884652463,0.10663402930772381,0.0007483916904168946
authority,161,0.4398508030360406,0.17597168565563,0.38366637337222115,0.0005111379361082093
average,162,0.049587952611334515,0.8602883255250489,0.08997780560338457,0.00014591626023208594
avoid,163,0.7287451704000559,0.1877745073827162,0.0833176568208978,0.000162665396330111
aware,164,0.6261046918303912,0.294828409024311,0.0790627647993689,4.134345928929294e-06
away,165,0.2659895172278237,0.6555348329667284,0.07831369279622095,0.0001619570092267916
awful,166,0.8624445540357448,0.10732214108889318,0.03022996561268807,3.339262673878681e-06
awkwardness,167,0.30382798490125723,0.40556745843872366,0.29057607725661067,2.847940340839525e-05
axiom,168,0.08613517819657915,0.060596951911411304,0.8531541723786142,0.00011369751339545888
axiomatic,169,0.0463722113848319,0.04254952471396546,0.9110273406011239,5.0923300078759394e-05
axiomatics,170,0.03517034242641977,0.03645663997403188,0.9278802957184629,0.0004927218810855846
bacchic,171,0.3123871911522491,0.47129110472239405,0.21590813368052147,0.0004135704448355037
back,172,0.30664050877843574,0.6692681233325939,0.024069305381161202,2.2062507809120237e-05
background,173,0.12015699767020334,0.7085410222496766,0.17050204392577006,0.0007999361543500986
bad,174,0.8007271033772545,0.157141011091621,0.042089985045785885,4.1900485338761126e-05
balance,175,0.7150919281274364,0.10239154616033842,0.18244468899296562,7.18367192595742e-05
banging,176,0.3883023052606691,0.5662516845492176,0.04543780018749486,8.210002618351514e-06
bank,177,0.19856409570930633,0.6947850563386155,0.10458093193179267,0.0020699160202855334
bar,178,0.050573804468493536,0.8758473099420144,0.07309418196831319,0.0004847036211787991
barricade,179,0.5138124211287204,0.41313675536592154,0.07300773772418649,4.30857811715201e-05
based,180,0.37035572983616544,0.297600567788991,0.3230698130629427,0.008973889311900692
basis,181,0.6387325004191896,0.06290318119916763,0.2979762882588123,0.0003880301228305412
be,182,0.7031451015979231,0.12378569421133974,0.15841909826165182,0.014650105929085727
bearer,183,0.3300903478942165,0.3876894391312022,0.28206024765073967,0.00015996532384177447
beautiful,184,0.5241249487951071,0.4265590439884634,0.047229342394361974,0.00208666482206755
beautifully,185,0.22755512108692286,0.6911053139580672,0.07983515990208061,0.0015044050529293743
became,186,0.4268612788440592,0.4492415998038921,0.0833028341311829,0.04059428722086578
become,187,0.7877610247134761,0.09523673958071759,0.11594185019611489,0.0010603855096913927
bed,188,0.21847363286049362,0.692938101818378,0.08801958302004054,0.0005686823010878307
bedding,189,0.1953713730474801,0.3553088335234817,0.4489565328485953,0.0003632605804428935
been,190,0.6606616579126485,0.23131538800504403,0.07501216109690576,0.03301079298540167
before,191,0.5135930186000733,0.46378461945870325,0.022561385899489556,6.097604173389342e-05
beg,192,0.16350876073711987,0.8100750377535125,0.026333510922282054,8.269058708562238e-05
began,193,0.421596540945623,0.5233494661364497,0.054847350723205984,0.0002066421947213202
begin,194,0.6752859372353955,0.14055874339823288,0.1840045845527918,0.00015073481357977196
beginning,195,0.48918789220420783,0.33799905990612783,0.1726185671400766,0.00019448074958767418
begun,196,0.8429554965109104,0.11502995521647333,0.04201272877588509,1.8194967312196814e-06
behalf,197,0.7666679294204258,0.14826310648116087,0.0850549896760014,1.3974422412022202e-05
behave,198,0.6161291101521732,0.19229181676968327,0.19126345013884427,0.0003156229392993456
behaviour,199,0.36002041529241713,0.05428287950601199,0.5856014725930074,9.523260856348074e-05
behold,200,0.09798104068015251,0.8575028472202081,0.04450018048886491,1.5931610774506177e-05
being,201,0.44850890829200607,0.37740278652027626,0.15373704332238278,0.020351261865334806
believe,202,0.8893994637949315,0.044928779606878404,0.0656160063772408,5.5750220949201724e-05
believed,203,0.940245983503875,0.03286113756672638,0.026710525194337354,0.00018235373506116076
bellini,204,0.041527800865328035,0.9267279499788383,0.03168403677366312,6.021238217053074e-05
belong,205,0.4130792327874017,0.24429462844523187,0.2538937257101258,0.08873241305724067
bend,206,0.05995075344241522,0.901469271849137,0.03835621392086894,0.00022376078757878608
benefactor,207,0.1540604940618697,0.7627380152939979,0.08287132289850506,0.0003301677456273805
beneficial,208,0.4868329812427634,0.08171694694956178,0.4311051354057758,0.00034493640189904454
berlin,209,0.18525330512490984,0.3383249462975464,0.4762754530424705,0.00014629553507345558
best,210,0.5941618836405009,0.3032829349405962,0.1015279762477404,0.0010272051711624432
better,211,0.7483815372418133,0.19556548862531126,0.05599189006534617,6.108406752929643e-05
betting,212,0.2796016517722869,0.4309322036986266,0.28921925279922645,0.0002468917298600699
bidding,213,0.7712669019946842,0.16169418273347633,0.06702174770524831,1.716756659135155e-05
bill,214,0.812984958125923,0.1410254947042126,0.04596461066971368,2.493650015071997e-05
bird,215,0.045854881620552554,0.9230833685264199,0.030742365228658464,0.0003193846243689893
birth,216,0.699873441195491,0.19514723959024805,0.10472693628170865,0.00025238293255232795
bit,217,0.1410923424844317,0.6446460634824948,0.21387417687937435,0.0003874171536990309
black,218,0.09159960248800667,0.8337991900157578,0.07410445773360153,0.0004967497626340033
bleeds,219,0.08856054389630437,0.8542055284651465,0.05635899416633745,0.0008749334722114929
blood,220,0.21492740035838834,0.5829930877150322,0.20174029141015337,0.0003392205164260047
bloody,221,0.7296734430645563,0.23850607933332013,0.031807898621422734,1.2578980700814332e-05
blow,222,0.08041799988914661,0.8985042664433975,0.021069336622328814,8.397045127163006e-06
blue,223,0.06514498750558188,0.850097957274364,0.08365070304176866,0.001106352178285389
blunt,224,0.549804721830406,0.34415618702832573,0.10588789603151975,0.00015119510974864042
blush,225,0.5124919952212842,0.27911833701602484,0.20817866020108333,0.00021100756160782194
boa,226,0.024029294096391058,0.961487580434095,0.014265545513265147,0.00021757995624877577
body,227,0.19295067911425456,0.47759770102313465,0.3279350647778365,0.0015165550847742934
bold,228,0.2611022970973211,0.33119445374304746,0.4068036799831749,0.0008995691764565063
boldness,229,0.7251133803197446,0.111457913768452,0.1633959015929514,3.280431885208173e-05
bone,230,0.09382367067358954,0.7931168669214876,0.11248011424778293,0.0005793481571398838
bony,231,0.1313535244017622,0.6642952186510052,0.20410619528175206,0.00024506166548061514
book,232,0.21188596016868885,0.2409966306843314,0.5469130256931813,0.00020438345379840842
boot,233,0.060713025783371,0.9100338167916366,0.029216542122639435,3.661530235303321e-05
born,234,0.3185461784207939,0.6459528137363806,0.035286235070565795,0.00021477277225973656
borne,235,0.13045070933705202,0.6756775868305808,0.1932073203160153,0.000664383516351908
bos,236,0.632509480151537,0.23053446929227067,0.13555424393249774,0.0014018066236946656
botticelli,237,0.2951126146365888,0.4487121096932911,0.25597206444253834,0.00020321122758165097
bottom,238,0.11185902652112244,0.8179912574665484,0.0694629027385782,0.0006868132737509938
bounce,239,0.6022438433925362,0.33057372005986335,0.06712631353173516,5.61230158653017e-05
bound,240,0.3337724396987922,0.3352905955246697,0.32910770165134795,0.0018292631251901016
boundary,241,0.0188095218873005,0.05696799989542623,0.9238451995949252,0.00037727862234804803
boyhood,242,0.042262489301430756,0.9464444825740894,0.011273074436022566,1.9953688457234208e-05
branch,243,0.07037533512814007,0.23133616353024822,0.6952293525687674,0.003059148772844503
breadth,244,0.11837332969710061,0.6372448120066198,0.24367368824213137,0.0007081700541483892
break,245,0.8340298719141555,0.1190949504997055,0.04685902975177772,1.6147834361327743e-05
breathing,246,0.08691921955811134,0.7823086783626226,0.13053516744868407,0.0002369346305818549
bred,247,0.113819781806419,0.839990719380785,0.04593438015519356,0.0002551186576024143
brilliant,248,0.7639127162806171,0.16712401209223968,0.06890948514622029,5.378648092306111e-05
bring,249,0.6178173652544392,0.20869822276068178,0.17340763722965438,7.677475522464344e-05
bringing,250,0.6829119210283008,0.2528876556606719,0.06405657590834969,0.0001438474026775761
brings,251,0.14110997613503934,0.40250274289899823,0.44266114781865107,0.01372613314731132
broadest,252,0.10851772969535019,0.14495201075046407,0.7412411663592537,0.005289093194931983
brought,253,0.5306694993904439,0.34620328668914097,0.12312482074582483,2.3931745902039195e-06
brown,254,0.0484997040289183,0.9074900502833703,0.043858637397911036,0.00015160828980039233
bulk,255,0.09810959502716823,0.7081335567276386,0.19361241468136103,0.0001444335638320116
buried,256,0.026401730505475663,0.960790520608066,0.012691735124299268,0.00011601376215898741
burning,257,0.06046482567866743,0.9073766009967458,0.03210144104985809,5.71322747286129e-05
burnt,258,0.03777638268385197,0.949669098190452,0.012508732843575267,4.578628212078309e-05
bury,259,0.42405725273151246,0.5216522683363155,0.05404709184793083,0.0002433870842412308
business,260,0.6641708333500203,0.21553326597463338,0.11990236627388542,0.0003935344014609445
call,261,0.9020740294462081,0.07494283132956141,0.02278499790164583,0.00019814132258467597
called,262,0.31313240391832287,0.4605308288498516,0.2201761112515335,0.00616065598029214
calm,263,0.7414069060121723,0.1957847771287723,0.06272525951850655,8.30573405488736e-05
calmed,264,0.5784206344040871,0.3903111179367543,0.03126492066120793,3.3269979507193745e-06
calmly,265,0.8970370104897797,0.08201085947185278,0.020949087058017124,3.042980350508475e-06
calmness,266,0.6204194601048996,0.19872365131640665,0.18082196464422148,3.4923934472299255e-05
came,267,0.4750623219267661,0.49848033263833724,0.026188574163786078,0.0002687712711106231
candidate,268,0.3144676240381727,0.550139043788447,0.13527075086904283,0.0001225813043374914
capable,269,0.12529006055668446,0.09087070362795903,0.7826584848778761,0.0011807509374804329
care,270,0.5386050893551487,0.33795114377022456,0.12262089418093802,0.0008228726936887059
career,271,0.12692761294795604,0.3017472277610554,0.5713174376882156,7.721602772917882e-06
careful,272,0.49003476952121344,0.3315898185195487,0.1783406749769127,3.473698232506717e-05
carefully,273,0.37688703355883285,0.42435242068440754,0.1986557087538289,0.0001048370029306638
carelessly,274,0.6405706414275674,0.31869435639460425,0.04062586999234838,0.00010913218547999749
carpaccio,275,0.03995065038484202,0.9173128147848966,0.041823293471263415,0.0009132413589979761
carried,276,0.41005239763678736,0.5286672009155585,0.0612105524237168,6.984902393737734e-05
carry,277,0.7338798414419762,0.09501348149294972,0.1707194216997393,0.0003872553653348481
carrying,278,0.2536041514140409,0.43067126509642756,0.3142506941570693,0.0014738893324621554
cart,279,0.035963356731965615,0.9430599047619931,0.02091370617205133,6.303233399008426e-05
carved,280,0.10093044200041554,0.7103507509443403,0.18840922583559824,0.00030958121964579836
case,281,0.4352940728305077,0.16736132519602498,0.3967956562274949,0.0005489457459724664
cast,282,0.4906463889783883,0.3246879557436959,0.1845957349758453,6.992030207046731e-05
catch,283,0.5353133376096224,0.44425855185253155,0.020362478605328,6.563193251791817e-05
cattle,284,0.18437670439007994,0.730936482347803,0.08430993370149464,0.0003768795606225074
caught,285,0.5387075611722933,0.44050481475698805,0.020780537240650765,7.0868300679861085e-06
causal,286,0.11510133925206897,0.08638182107954004,0.7982359492460562,0.00028089042233480114
cause,287,0.5987003118721733,0.047289627210554665,0.35389105734532317,0.0001190035719487768
caused,288,0.8043998350128588,0.08485472930007357,0.11067210521392869,7.333047313890166e-05
causing,289,0.7763207277573811,0.14015057594025557,0.08320155770371894,0.00032713859864437646
cautious,290,0.24709771806423014,0.694857459361563,0.0580379566617514,6.865912455459031e-06
cease,291,0.7460135132557885,0.14903923733625413,0.10493754048545959,9.7089224977416e-06
center,292,0.0439016571960692,0.797859619664114,0.15754148816916244,0.000697234970654504
century,293,0.10676155370776427,0.686947809772941,0.20588844481107854,0.0004021917082162691
certain,294,0.44245988751967164,0.05688059466147146,0.5001104133769093,0.0005491044419477315
certainly,295,0.7098406793778281,0.13478883606966405,0.15528817820739177,8.2306345116048e-05
certainty,296,0.5435732385696183,0.11138239090924226,0.3446506024843656,0.0003937680367738434
chain,297,0.06705881017411974,0.1993187056935841,0.7321723625534853,0.0014501215788108495
chair,298,0.03887560206378877,0.8853176416234115,0.07575326003238982,5.349628041005694e-05
chanced,299,0.804556370640252,0.16034137992293956,0.0350916286741174,1.0620762690987116e-05
change,300,0.560202874049543,0.08801227786527747,0.35163901083028426,0.0001458372548951086
changed,301,0.46697400014196155,0.3492861370232167,0.18368086225173005,5.900058309169627e-05
chapter,302,0.06259088012443549,0.11668283205722374,0.8197751390079636,0.0009511488103770873
character,303,0.33019271396548094,0.26608297663842573,0.40310240855669743,0.0006219008393959475
characterised,304,0.09750441210020074,0.12030810386921527,0.7811093191494958,0.0010781648810883103
characteristic,305,0.16392082815863215,0.08033476426483338,0.7539665577245124,0.0017778498520221256
chastisement,306,0.16006379019488873,0.7344736707495542,0.10544177285424354,2.076620131350544e-05
cheap,307,0.17390727460044098,0.707333107537203,0.11869526674550518,6.435111685091974e-05
cheated,308,0.7449633706182983,0.23564081241447574,0.019392595568779772,3.221398446203375e-06
checker,309,0.22638589215790508,0.49234611525864913,0.28037192052068144,0.0008960720627642614
cheer,310,0.07998526456398274,0.9117265468650537,0.00826262990304275,2.5558667920849517e-05
cheerful,311,0.2193147464827236,0.676869985619858,0.10292713147369563,0.0008881364237227113
chemical,312,0.0746628445221226,0.12398315937111336,0.8003742515243821,0.0009797445823819238
chest,313,0.18516851743343554,0.7720348557570144,0.04264469024099363,0.00015193656855645284
chief,314,0.3913129332975782,0.4920987757264898,0.11651160776462834,7.668321130348587e-05
chiefly,315,0.36370269491155527,0.42832052008161364,0.2053826412536334,0.002594143753197644
child,316,0.8221607793710046,0.11552515517001788,0.06217503149578605,0.00013903396319151848
choosing,317,0.8127201958091909,0.0925640332581343,0.09451893855428112,0.00019683237839370526
chorus,318,0.2510555053358721,0.6741699522931479,0.07447408142476182,0.0003004609462180693
chose,319,0.4256269178055769,0.5475609016796565,0.02662600523209521,0.00018617528267135983
chosen,320,0.7956494164428323,0.14624999343197503,0.05807447178294084,2.6118342251963145e-05
christ,321,0.16499724196795934,0.7185179400010427,0.11630173153413785,0.00018308649686009433
circumstance,322,0.8889551306005152,0.03861902907565847,0.07235115276851181,7.468755531472003e-05
citizen,323,0.778576502793539,0.13587894226963063,0.0854837076450298,6.084729180062657e-05
civil,324,0.4559227074598737,0.19881160131428452,0.3449667458506114,0.00029894537523035173
claim,325,0.9158611412832202,0.04336764147095422,0.040752102001888835,1.911524393679685e-05
clapping,326,0.09122681351128678,0.8242856257136224,0.08443252610177518,5.5034673315623954e-05
clarified,327,0.12044206893987722,0.040000436119067305,0.8395172311687041,4.026377235130941e-05
class,328,0.14498476306739383,0.21189694137726986,0.6428607817790243,0.00025751377631202867
classed,329,0.7255301993705028,0.1012070478474817,0.16792255435125356,0.005340198430762126
clean,330,0.10320570824592036,0.8599643304399851,0.036761058014288625,6.890329980591351e-05
clear,331,0.5060211240242776,0.41299497433196475,0.08082747808531296,0.0001564235584446121
clearer,332,0.8148889475938609,0.080139184747256,0.10495765847170425,1.4209187178888707e-05
clearly,333,0.3015985274163256,0.5916957549239972,0.10627200296916006,0.0004337146905172328
clearness,334,0.4429378766837378,0.1457836105030653,0.41123336654457665,4.5146268620197535e-05
clerk,335,0.3301692441144688,0.527639705182075,0.14215785669845588,3.319400500019799e-05
climb,336,0.057893229067271755,0.926581118998825,0.015442961756509988,8.269017739322662e-05
clock,337,0.20530128966883543,0.7052560210445276,0.08878858978699009,0.0006540994996468563
clog,338,0.47175115470517437,0.25329444705916,0.27348966325674057,0.0014647349789249562
close,339,0.7085679770388384,0.24206971110659978,0.04879835436668962,0.0005639574878721938
clothes,340,0.09826343648153549,0.875293824054228,0.026427964345492053,1.4775118744432078e-05
cloud,341,0.0464789669095213,0.7909482229841556,0.1609713840203681,0.0016014260859549831
clumsy,342,0.6764276281228626,0.20198015638453853,0.12124997532010125,0.0003422401724975113
coal,343,0.04071934018715871,0.9201389744794644,0.03896261623423539,0.00017906909914156363
coincides,344,0.012835038335529575,0.027618844654429722,0.9173469042981288,0.04219921271191187
cold,345,0.057318739934838846,0.8877634286917758,0.05446894795224833,0.000448883421137038
collaboration,346,0.16117694465687382,0.3966883139646782,0.4417897060522347,0.00034503532621315387
collect,347,0.2345473695946044,0.7009505039104258,0.06445272398880254,4.9402506167336885e-05
collection,348,0.06799694305937266,0.7987297096484708,0.13303401883308463,0.00023932845907188876
color,349,0.17330888108078074,0.49451598637214905,0.3316857083697281,0.000489424177342072
colored,350,0.37374946251466423,0.38237391952462585,0.24320687739364755,0.0006697405670623407
combat,351,0.5770077664452329,0.2623345087262184,0.16056161243120018,9.611239734854895e-05
combustion,352,0.06479464325478353,0.07659556195335872,0.85843001527028,0.00017977952157783664
come,353,0.7251347456151074,0.19167944800356057,0.08314745524795589,3.835113337618067e-05
coming,354,0.10534372483537348,0.864745548766936,0.02986973124005257,4.099515763797311e-05
command,355,0.2521176210243334,0.40510902148313743,0.3427070613268863,6.629616564294884e-05
commend,356,0.8493340885710075,0.09897594465646595,0.05168184779928902,8.118973237591833e-06
commerce,357,0.4655381945998827,0.3216767922977926,0.21213621484415554,0.0006487982581691635
commit,358,0.8632565111832384,0.06122983790645981,0.07547632057258462,3.733033771717398e-05
commodity,359,0.6022764675371645,0.11310214853263173,0.2837552410380122,0.0008661428921915091
common,360,0.2029543846564272,0.17000576484741234,0.6234542559646009,0.003585594531559532
commonly,361,0.3389772158665255,0.12374368449922224,0.4018543170228319,0.13542478261142024
commonplace,362,0.2080461142049892,0.6183136107859302,0.17361461275432583,2.566225475477793e-05
communication,363,0.09272464144536034,0.10544942951385644,0.8015800553659447,0.0002458736748385176
company,364,0.26945470179852843,0.6538690100401047,0.07643895580011772,0.00023733236124917793
comparative,365,0.008700746193180866,0.01427093289142125,0.9770025483508273,2.577256457048896e-05
comparatively,366,0.7614993906929558,0.11580895935748933,0.12205623390605329,0.0006354160435015788
compared,367,0.6837745053815629,0.1710969671881973,0.14481159265848864,0.0003169347717512414
compass,368,0.09176018091266672,0.6875363169855228,0.220657154874705,4.63472271052961e-05
compel,369,0.8663837238090237,0.04815029787614892,0.08546119331303577,4.78500179157704e-06
compelling,370,0.1094604528835879,0.04393677044595496,0.8465630248121526,3.975185830444429e-05
complete,371,0.3618617074308612,0.1332936593263564,0.5046984587729115,0.00014617446987067113
completely,372,0.43403878984358707,0.09186468009773834,0.47362227365225834,0.00047425640641626695
completion,373,0.674376844591287,0.20071582116049735,0.12442465746931383,0.00048267677890179807
complex,374,0.0595410012793644,0.08837870278005344,0.8457068941691399,0.006373401771442277
complicated,375,0.22929415147005533,0.06502973543430773,0.7055701861236141,0.0001059269720228758
component,376,0.10788476501149638,0.07687899446242112,0.8089574055121693,0.006278835013913194
composed,377,0.5972215514490532,0.22235054008244795,0.174553078920844,0.005874829547654792
comprehending,378,0.19037924581420587,0.06791906412543978,0.7415271674798426,0.00017452258051174315
comprehension,379,0.10570217982909179,0.06292503025183989,0.8313314220484215,4.136787064681238e-05
comprised,380,0.11565095768293004,0.22109256547063338,0.616895321065988,0.046361155780448686
computation,381,0.013510428514540108,0.011669965106713661,0.974704383314804,0.00011522306394206802
concede,382,0.6016915015267026,0.35480566534026575,0.04350085224243606,1.980890595604919e-06
conceivability,383,0.586336492358504,0.06563612560401212,0.3479898068054164,3.7575232067477795e-05
conceivable,384,0.148357224794482,0.03152987135765574,0.8199576831709431,0.00015522067691915614
conceive,385,0.8771308549836463,0.042077558140305255,0.0807802865364482,1.1300339600347423e-05
conceived,386,0.3821544884282729,0.2341066128379124,0.3834202808661024,0.0003186178677122462
concept,387,0.05998251189055809,0.05899919099547192,0.8808614384760692,0.0001568586379007826
conception,388,0.1143521720482897,0.07748875746811493,0.8072436189724925,0.0009154515111027564
conceptual,389,0.08305353669703498,0.13555180110701737,0.7811274659994654,0.00026719619648235223
conceptually,390,0.028895193989604415,0.012677198166867949,0.9573023554523196,0.0011252523912082275
concern,391,0.6432241731583395,0.17405237486308497,0.18198769023248101,0.0007357617460944423
concerned,392,0.5478274365616177,0.048054886987241585,0.4040795977510442,3.807870009657152e-05
concerning,393,0.03800031081627531,0.01977896346552888,0.9421282266271496,9.249909104632072e-05
conclusion,394,0.7557362578452556,0.10605157058048437,0.13819197268577776,2.0198888482331597e-05
conclusive,395,0.3139358787525473,0.1853183846637443,0.5006872214593685,5.851512433989986e-05
condemned,396,0.8343888396538994,0.11605152059106805,0.04954860360851603,1.1036146516514203e-05
condensation,397,0.012398283952280402,0.017251727667257775,0.9701560300417302,0.00019395833873160967
condition,398,0.3452187779682953,0.08887534534828173,0.5655595620367777,0.0003463146466453546
conditioned,399,0.090215419831388,0.06405526103661319,0.8443386744816398,0.0013906446503590038
confer,400,0.19719545632745425,0.05734065901792246,0.745180100177421,0.0002837844772023397
confidence,401,0.16068212063064424,0.43849487667125847,0.40082176650420875,1.236193888514192e-06
configurative,402,0.055171372988179535,0.029470906004488436,0.9150582890585608,0.00029943194877129684
confined,403,0.25682931632238787,0.2342033075578787,0.5061733667254429,0.0027940093942906623
conflict,404,0.40260224274538214,0.1407437959172736,0.45663708233585243,1.6879001491813734e-05
conformation,405,0.38862866432822063,0.12103358764238491,0.4896085484261131,0.0007291996032815303
conforms,406,0.14386563548337658,0.05341624113608981,0.4173053859676262,0.3854127374129075
confronts,407,0.3266631104097084,0.3185547366579551,0.35277687805962055,0.0020052748727158415
congratulated,408,0.15982231250403586,0.8282961081706847,0.0118808233828115,7.559424679338152e-07
connect,409,0.6361373585158973,0.18044206661747342,0.17419043111404173,0.009230143752587702
connected,410,0.12723327778346888,0.10188954377657748,0.7674923868178088,0.0033847916221446937
connection,411,0.07861878956204656,0.08190695497161386,0.8385026055592321,0.0009716499071074776
conquered,412,0.6566151567913184,0.28234399237532715,0.06099437775342441,4.647307992995221e-05
conscience,413,0.5685635043464469,0.32933941373407366,0.10208551305938436,1.1568860095045287e-05
conscientious,414,0.6297241230361172,0.22578743075088253,0.14440729931513435,8.114689786581036e-05
conscious,415,0.5967475799683252,0.09062592714582174,0.3125475757217342,7.891716411889094e-05
consented,416,0.9462684967639339,0.0340885088226714,0.019640701424441277,2.2929889533579247e-06
consequence,417,0.3576091572154412,0.055164021538978876,0.5871564389719882,7.038227359173998e-05
consider,418,0.6290395587168444,0.09015057815005648,0.2799861392338856,0.0008237238992136109
consideration,419,0.7518651603819341,0.06651703706545972,0.18155377688290572,6.402566970040728e-05
consist,420,0.3054730168600861,0.093147554169174,0.5434579875570599,0.057921441413680025
consisted,421,0.046064372312198475,0.7631849990827625,0.16201193166663205,0.02873869693840689
consisting,422,0.21637970803664877,0.24618901814920194,0.4228494491203194,0.11458182469382994
consists,423,0.003544355904841297,0.02866578166151571,0.06618513388121239,0.9016047285524307
constant,424,0.1494286739175395,0.044172923138303274,0.8061674173849278,0.00023098555922944114
constitute,425,0.8481453166061964,0.02398853804133733,0.1185544487958343,0.009311696556632143
constitutes,426,0.0908812974784819,0.051119519918628606,0.250123821355502,0.6078753612473874
constituting,427,0.045666205816101264,0.05698427343820653,0.8862586259591263,0.011090894786565894
constitution,428,0.3891964470600667,0.14662300999103028,0.46403740868498466,0.00014313426391840832
contact,429,0.5280827834537947,0.1967373745012547,0.275126255999546,5.3586045404699896e-05
contemplated,430,0.8032266071785156,0.12691947862473263,0.06984971144461286,4.202752138856371e-06
contemplating,431,0.5050756465979311,0.17020019822706,0.32472122752875177,2.927646256962428e-06
