token,id,G1,G2,G3,G4
metamorphosis,1,0.019852318924987795,0.9579037260124081,0.006500058125610493,0.015743896936993747
gregor,2,0.005024012264138534,0.9873665015288412,0.004528296408759213,0.003081189798261048
samsa,3,0.008189023505752223,0.9791611198969243,0.00637415909369237,0.0062756975036312385
woke,4,0.0016722085755853694,0.9956824002821357,0.0021356357949730625,0.0005097553473060348
troubled,5,0.004009825160106628,0.9893392198020384,0.004980374764202649,0.0016705802736523838
found,6,0.0082065170249055,0.9787573651208141,0.007234528603535334,0.005801589250745024
transformed,7,0.009586562791892286,0.9738826359838257,0.007161694688560041,0.009369106535722005
bed,8,0.010705556506206268,0.9800162000516413,0.005246768802095419,0.004031474640057053
horrible,9,0.007862668217736915,0.9837150927792081,0.0061062527509388636,0.0023159862521159808
inaugural,10,0.01103181712124308,0.978503230473826,0.006046555093339722,0.004418397311591097
stated,11,0.019911054568945135,0.9508498678968041,0.019619601118931327,0.009619476415319341
holding,12,0.13199906116762444,0.8100614083002622,0.03727578990439944,0.02066374062771385
professorship,13,0.43463227316660996,0.4062307355028788,0.05909792889719328,0.1000390624333179
direct,14,0.7603892597674758,0.12188452859659354,0.04292539341616184,0.07480081821976878
practical,15,0.9146900645866002,0.027484591133282936,0.014762850417957335,0.043062493862159594
chiefly,16,0.9687954998312668,0.009071019233361535,0.009189572647142059,0.012943908288229632
natural,17,0.9760073439567876,0.0030336840408552927,0.005262865022615874,0.015696106979741203
history,18,0.9802234006242324,0.0065502100114058085,0.006261669321764792,0.006964720042597033
having,19,0.9765288767547278,0.009489527146389877,0.008890959691206912,0.005090636407675415
course,20,0.9844934374146657,0.004920278595082468,0.004566289645361813,0.006019994344889995
past,21,0.9803915797528964,0.009236119521685356,0.0069343547930855245,0.0034379459323327735
year,22,0.9756372044858935,0.011107105305929156,0.009485537885784526,0.003770152322392687
laid,23,0.9772617206031141,0.01020663094172022,0.007273972092867033,0.005257676362298696
foundational,24,0.9687434781553926,0.002714720971807234,0.005941731857495111,0.022600069015305164
element,25,0.9748848744967958,0.0019886062409364452,0.004329015103873234,0.018797504158394554
art,26,0.9888046164083977,0.003783682512864595,0.0032930887014746986,0.0041186123772631025
sufficiently,27,0.9715854142167959,0.0060905276416978425,0.010198073041013195,0.01212598510049314
invite,28,0.9510221856192805,0.02345467022199798,0.02171199733245444,0.0038111468262671316
enter,29,0.9662425502789076,0.012512059369130834,0.016579684511529448,0.004665705840432303
real,30,0.979101920459492,0.006466582721959591,0.0060395265359245685,0.008391970282623763
work,31,0.9798279283647623,0.00596195099555495,0.007485668979474029,0.0067244516602088175
accordingly,32,0.9666779718308736,0.007802064337338168,0.014382518680670937,0.011137445151117342
propose,33,0.949252123151943,0.012234821911531541,0.020266287716098792,0.0182467672204266
following,34,0.9742076252977563,0.009049647008263925,0.010273366256445367,0.006469361437534528
term,35,0.9671310654876856,0.005131736596248547,0.009534843287223014,0.01820235462884297
give,36,0.9682198940128325,0.013054755946889995,0.012754973599749805,0.005970376440527655
practical,37,0.977902888315038,0.003970807770077598,0.004857670996341483,0.013268632918542678
leading,38,0.9751184133333355,0.010324559152066717,0.008445108449542119,0.006111919065055728
elementary,39,0.977416830726081,0.004707708284279059,0.005275535797350893,0.012599925192289141
study,40,0.9783584551141533,0.0029576784217507264,0.0053865788135456305,0.013297287650550408
branch,41,0.9719164269914186,0.007522435736705675,0.00928543391571079,0.011275703356165045
natural,42,0.9799610058661627,0.002367133510858403,0.004493229976184862,0.013178630646794042
history,43,0.9737857148759493,0.0096672239439666,0.007831659818143509,0.008715401361940522
form,44,0.9498241436416229,0.010743660367855526,0.01283727816708443,0.02659491782343706
kind,45,0.912676193637053,0.043508333822354216,0.018745987385852793,0.025069485154740133
center,46,0.7828163364941347,0.14445515864066397,0.03043751453566655,0.04229099032953478
lay,47,0.33665913590504204,0.5829521069656421,0.05723202041262101,0.023156736716694777
lifted,48,0.05285228280109667,0.9118747550909315,0.02315776562147241,0.01211519648649941
head,49,0.042065746118291995,0.9316933369643915,0.014268978726558796,0.011971938190757652
little,50,0.034863811127358584,0.9424060766089055,0.01285672472965504,0.009873387534080949
see,51,0.039292707320395685,0.8671604489205643,0.03789308777415062,0.05565375598488944
brown,52,0.06459821272158525,0.8505325329603329,0.022963196549847992,0.06190605776823378
slightly,53,0.09575146603049677,0.5195472247243166,0.037016528395060595,0.3476847808501261
domed,54,0.08931993665189719,0.16971908004226255,0.027432197945188568,0.7135287853606518
divided,55,0.029929732665195656,0.03588299538188784,0.022400913915643725,0.9117863580372728
arch,56,0.0357891800189905,0.03004104844084517,0.01481949608276423,0.9193502754574001
stiff,57,0.024193856202358317,0.02911260688412435,0.016777087144462664,0.9299164497690547
sidelight,58,0.014377837009175273,0.007202014573827986,0.007424594384027317,0.9709955540329696
relativity,59,0.0016965954793954966,0.0008516413521914801,0.0010699544997695765,0.9963818086686433
ether,60,0.0026226931819767815,0.001585948213768046,0.0016040871767368772,0.9941872714275183
theory,61,0.0017656491158366196,0.0006768902411503256,0.00111311497943298,0.9964443456635801
relativity,62,0.0014812237189069336,0.0007291824251264591,0.0009601867095910093,0.9968294071463756
address,63,0.00494965895315683,0.004034735699889259,0.007784512767194377,0.9832310925797596
delivered,64,0.007860275296979403,0.015943131246655445,0.012890583054784502,0.9633060104015807
may,65,0.007719680451893175,0.008242720990496645,0.009190402851110968,0.9748471957064992
university,66,0.006540727386380769,0.006155471209303566,0.007073018283545207,0.9802307831207704
leyden,67,0.009758116698146361,0.006751990786206523,0.005634578413055828,0.9778553141025913
doe,68,0.010314912866512031,0.011710310449898958,0.011430427352942012,0.9665443493306469
come,69,0.015847217921708807,0.031101101939135175,0.023885875396256237,0.9291658047428999
idea,70,0.00494394366872174,0.004872431446230926,0.00509982661825306,0.9850837982667944
ponderable,71,0.0041795584320567635,0.002060628795608559,0.002831083449340533,0.9909287293229941
is,72,0.00753653971221519,0.002796055177011297,0.004607696682272803,0.9850597084285007
derived,73,0.0032134967834324523,0.0008966540135863032,0.0019076196854776284,0.9939822295175036
abstraction,74,0.003954163179974745,0.0008308815947981994,0.0013876414544603157,0.9938273137707666
everyday,75,0.01091000359783006,0.006367749070888037,0.006312738825476322,0.9764095085058055
physicist,76,0.0029219707156384533,0.002158971583362085,0.0026833980920991894,0.9922356596089004
set,77,0.011830362539537329,0.012109678447556138,0.00972018595006986,0.9663397730628367
idea,78,0.010954416107447358,0.007949137887241577,0.00825756853588967,0.9728388774694214
existence,79,0.01581531804622466,0.0063822483247482275,0.00932718215156368,0.9684752514774634
kind,80,0.10435995819221348,0.023431197373832098,0.025943050593667007,0.8462657938402873
outset,81,0.29072427506454646,0.05761063331174802,0.06921841154585655,0.5824466800778489
shortly,82,0.5856985329031569,0.19502276787462677,0.07605734694628985,0.14322135227592642
state,83,0.7986983550402095,0.02805973136136239,0.0601794754051184,0.11306243819330981
position,84,0.890191466155494,0.031890949411259376,0.0271697469757016,0.05074783745754513
landscape,85,0.9847098280026546,0.003033235357214273,0.003910305618034424,0.0083466310220966
painting,86,0.9867767053765694,0.00410683072365447,0.0035988822139530552,0.00551758168582301
animal,87,0.9826210527388076,0.0038808426362127372,0.005777207452861576,0.0077208971721183005
painting,88,0.9900657576369645,0.003189558498703942,0.0028286410852698674,0.003916042779061708
hold,89,0.9652233098770171,0.013594415360797335,0.015571445935034785,0.005610828827150685
higher,90,0.9751450163769,0.004864257177566723,0.007812991422717179,0.012177735022816072
branch,91,0.9745538275400166,0.006695580921061072,0.008566092593460745,0.010184498945461615
landscape,92,0.9925602503182337,0.0016582921476901676,0.0021783142961581494,0.0036031432379179814
painting,93,0.9900595853834298,0.0032425267239509733,0.0028076421327543795,0.003890245759864714
is,94,0.9821959807332308,0.0034694243676806173,0.005373408490394376,0.008961186408694267
thoughtful,95,0.9790099336358176,0.008843652381351078,0.006678033655189389,0.005468380327642002
passionate,96,0.9580489090940548,0.0240406393215441,0.011287399693919372,0.006623051890481636
representation,97,0.8974013355406287,0.016383932900799328,0.01975309592250404,0.06646163563606788
physical,98,0.7829743881362866,0.06996118104319367,0.03320499057640863,0.11385944024411115
condition,99,0.5022461456297781,0.31773487874179335,0.07155762363947708,0.10846135198895156
appointed,100,0.049758131766930065,0.8984625758192943,0.0362775536954965,0.015501738718279168
human,101,0.13322169444731133,0.7257410255563458,0.052780843890484624,0.08825643610585811
bedding,102,0.07460715157757121,0.8766104559674702,0.0186117695417167,0.030170622913241914
wa,103,0.013430865450431517,0.970572068168372,0.010319429643873813,0.005677636737322416
hardly,104,0.011898373746257407,0.9743846916656503,0.00928646589077385,0.004430468697318362
able,105,0.005572994652071205,0.9812294827417256,0.00928865401725642,0.003908868588946761
cover,106,0.04493199548771927,0.9281335634645936,0.015059848868764977,0.011874592178922162
seemed,107,0.03421904896263457,0.9407037418656505,0.01672052848044485,0.008356680691270057
ready,108,0.10909944654757861,0.8499898366027256,0.03305061252019056,0.007860104329505345
slide,109,0.6565813776353805,0.29126244885577135,0.02059105118198546,0.031565122326862795
imitates,110,0.9162648380030364,0.05248552164114785,0.011510733306983946,0.019738907048831706
record,111,0.9206839899427172,0.05015896064549235,0.015565325467895883,0.01359172394389467
visible,112,0.9781714473328867,0.0055361678716669945,0.00503672039156005,0.011255664403886147
thing,113,0.9646576197830731,0.01671335005579506,0.012129896336341539,0.0064991338247902776
are,114,0.9820205443511755,0.0031523029256929785,0.006910048781074383,0.007917103942057156
dangerous,115,0.9679922380540433,0.010685142743121998,0.014214019972931754,0.007108599229902907
beneficial,116,0.9535007904396382,0.007132495607840735,0.018400061344007096,0.020966652608513894
display,117,0.9662873843219041,0.00539818676172801,0.015489221333222884,0.012825207583144827
human,118,0.8735563200962159,0.012163543451209796,0.06968410892393685,0.044596027528637484
method,119,0.7336768127349854,0.01771630591264196,0.12693578005326323,0.12167110129910928
dealing,120,0.3145850013875735,0.033436569463709875,0.5922980363369323,0.05968039281178417
enjoying,121,0.13110913717897746,0.05043953736080589,0.8041978014606038,0.014253523999612782
suffering,122,0.03058410545654105,0.02725856038741583,0.9320749055174042,0.010082428638638872
are,123,0.02839867946192731,0.0059904181534805884,0.9497290327371815,0.01588186964741059
exemplary,124,0.011508168630754816,0.004535349769852766,0.9765121339078291,0.007444347691563254
deserving,125,0.0051898231907587045,0.004691056395658533,0.9870764046542568,0.003042715759325925
sympathetic,126,0.0063951773290984665,0.007097154572175803,0.9813037989987562,0.005203869099969505
duty,127,0.004293872619971079,0.0048389999245544,0.9870023483350195,0.0038647791204550514
civil,128,0.003673093074268441,0.003284320760738249,0.9893050333753968,0.0037375527895965634
disobedience,129,0.0030412941772522883,0.0035913458796773844,0.9893723409580885,0.003995018984981982
heartily,130,0.003812165076126726,0.011727222797810468,0.9827456275132828,0.001714984612780075
accept,131,0.0020161414556806104,0.004364345719015849,0.9911434810771992,0.0024760317481044027
government,132,0.0026050026123502316,0.0030253891371685424,0.9913644816354087,0.003005126615072589
is,133,0.012846897285782791,0.004766290590456556,0.9694069591642177,0.012979852959542921
best,134,0.013916148271304173,0.012001522623935579,0.9686288327080385,0.005453496396721736
governs,135,0.005964709626330836,0.002515634783026377,0.9690313538176821,0.02248830177296061
like,136,0.01730350206977247,0.014118836580740977,0.9567850904375816,0.011792570911904885
see,137,0.014917536875476816,0.013224863649939932,0.945563580949235,0.026294018525348264
acted,138,0.01895734389663757,0.03907205146676625,0.8900293981102472,0.051941206526349024
more,139,0.06211030165889047,0.04919662344035913,0.634334630690053,0.25435844421069737
rapidly,140,0.04361761038757089,0.038238794083766306,0.195738935843827,0.7224046596848358
explanation,141,0.01299844807163972,0.007449129830610123,0.03644548446623948,0.9431069376315107
is,142,0.017257318287463706,0.006316783636838009,0.018861300851306377,0.9575645972243919
probably,143,0.01975386534234752,0.01612777158893793,0.02193705861755673,0.9421813044511579
be,144,0.009345425808420026,0.006759123338231392,0.015230097983624399,0.9686653528697242
sought,145,0.008338127423512707,0.01918656625107349,0.025394157280415657,0.9470811490449982
phenomenon,146,0.003477126189734345,0.0012846294119321338,0.0018254034855218317,0.9934128409128117
have,147,0.011434928475940659,0.009553433612627569,0.014505919196139942,0.9645057187152918
given,148,0.0052304440179073,0.005571887502755084,0.0070463872821731575,0.9821512811971645
rise,149,0.007154590641563498,0.004069081513184827,0.0061729634582805325,0.9826033643869712
theory,150,0.0018742507392523768,0.000703750593332855,0.001175193796621352,0.9962468048707934
action,151,0.006387842035781036,0.0054691295467214854,0.007782950571329648,0.9803600778461679
property,152,0.006974194191187447,0.0033327358062803865,0.008220088015793135,0.981472981986739
light,153,0.017147063558118292,0.006947230717793343,0.005132591241134421,0.9707731144829538
have,154,0.03192783028088262,0.016910405761826907,0.025343047802940197,0.9258187161543503
led,155,0.042496504602300186,0.0467494763822645,0.037935478795997096,0.8728185402194382
undulatory,156,0.06441892853527806,0.0033794718713773255,0.004590707994277859,0.9276108915990667
animal,157,0.47821232148909615,0.02270613134396376,0.03435848383588103,0.46472306333105906
painting,158,0.864022540226094,0.016840484612689794,0.015187669408154055,0.1039493057530622
investigates,159,0.8542846696185288,0.017646699376812562,0.019087630738263733,0.1089810002663949
law,160,0.9131366238464445,0.01266058104506986,0.030426019581387038,0.043776775527098535
greater,161,0.9651477418661376,0.006531753227476783,0.010765821886433364,0.01755468301995223
le,162,0.9802320096167618,0.008266377119689304,0.005655363247905077,0.0058462500156438125
nobility,163,0.9705291005027181,0.005996573892881432,0.014878561877647451,0.008595763726753025
character,164,0.9845797294524125,0.004660379322871185,0.004997678537395887,0.005762212687320535
organic,165,0.9773055994651021,0.002377829275869787,0.004637349283614163,0.01567922197541401
comparative,166,0.9738965065938605,0.0029178357364342098,0.005348622319526569,0.017837035350178766
anatomy,167,0.9845222828968322,0.003540032727164845,0.0030451363096873694,0.008892548066315646
examines,168,0.9784961263287326,0.0038128504852690467,0.005436896633219674,0.01225412655277862
greater,169,0.9788706084509987,0.004496585064311802,0.007324332117974558,0.009308474366714772
le,170,0.9837341851477829,0.007000133202105259,0.004806891554820591,0.004458790095291283
development,171,0.9761208163267742,0.004109200571806074,0.006835642644884186,0.012934340456535617
organic,172,0.971744536124403,0.002839385024417001,0.006259670335741279,0.019156408515438744
function,173,0.9405304521364009,0.003559559012566235,0.01151927603770352,0.044390712813329486
animal,174,0.9589345149369132,0.007162253848857117,0.019533704287984555,0.014369526926245005
painting,175,0.9457136833935049,0.011047175967087448,0.02945788457807564,0.013781256061332167
is,176,0.76075990003411,0.017666361508551547,0.17405555495016983,0.047518183507168604
bring,177,0.2111410158466711,0.05519370367093186,0.717439230527742,0.016226049954655104
notice,178,0.07507095366356183,0.03230651388488692,0.8741435918214217,0.018478940630129642
minor,179,0.05226344104342937,0.018799524981211038,0.9119892744795407,0.0169477594958188
unthought,180,0.020329577887899228,0.008210829462895867,0.9499613999317086,0.021498192717496395
condition,181,0.009371800867519054,0.006574743075273254,0.9700939299539155,0.013959526103292185
power,182,0.007566060905886327,0.006685175588654788,0.9760180854577879,0.009730678047671072
physiology,183,0.01425348527192232,0.008290088532740875,0.94778526408663,0.029671162108706947
is,184,0.01646713128401575,0.005536313899871388,0.9626206078686103,0.015375946947502505
ascertain,185,0.007062918714157437,0.006787429901857875,0.9769353746755087,0.00921427670847588
minor,186,0.028390481032869647,0.013588865694699647,0.9449825280078471,0.013038125264583646
condition,187,0.033840678811699346,0.012936724000172234,0.9243501532879019,0.028872443900226395
question,188,0.07697930133825047,0.024671183967585993,0.8667671927169729,0.03158232197719071
purpose,189,0.3513983407169119,0.024768813274980536,0.5426575516750115,0.08117529433309607
arrangement,190,0.7584986114614608,0.026569077652475175,0.16004915259463814,0.054883158291426
use,191,0.8820569448681906,0.012737802920582946,0.0672908180108573,0.037914434200368906
organ,192,0.957387577592001,0.009577891445666962,0.016870045429486655,0.01616448553284539
animal,193,0.9754548218113004,0.004964828459821758,0.009759426906041166,0.009820922822836704
le,194,0.980728333802115,0.008086119172441352,0.006142408930073604,0.005043138095370058
province,195,0.970688433338827,0.007699396435852579,0.01393583090787805,0.007676339317442274
painter,196,0.9875832237018443,0.004595265252531173,0.00403544556200203,0.0037860654836225183
are,197,0.9858325981227671,0.0023977869592825625,0.0054243443607397395,0.006345270557210509
indeed,198,0.9741374160384318,0.007551410979237451,0.010192990413378698,0.008118182568951936
more,199,0.9829655901625521,0.006128660769733983,0.006284020508883275,0.004621728558830628
likely,200,0.9758779527009493,0.007204646278718388,0.009787498725144022,0.007129902295188259
commend,201,0.9682632574964712,0.012740910947394237,0.014999662614160489,0.0039961689419739845
drawing,202,0.9884462828361463,0.0046610705900767815,0.0028981757792461605,0.0039944707945307025
many,203,0.9802568987568949,0.006588110402163684,0.008063427660113644,0.005091563180827751
pitifully,204,0.958945074840748,0.022006368623000577,0.01310117268304862,0.005947383853202742
thin,205,0.9745715730387232,0.010051373290509443,0.004842235860400623,0.010534817810366685
compared,206,0.9213490290680989,0.04062743452425666,0.016923065105525346,0.021100471302119003
size,207,0.8388789290698959,0.09854611795139114,0.017962984659052196,0.044611968319660696
rest,208,0.3509144922237576,0.5789431786310965,0.04457683464991524,0.025565494495230757
waved,209,0.06344268393446441,0.9175775030381479,0.014966477437844353,0.004013335589543251
about,210,0.04177325574611295,0.9305768427306801,0.017959265050394465,0.009690636472812401
helplessly,211,0.0078111706190894265,0.9817966926240476,0.007277285407821334,0.0031148513490417977
let,212,0.004488029928191248,0.9861634171408648,0.006583248302089095,0.0027653046288549717
devote,213,0.006066532246677844,0.9797491229936316,0.009175427268835586,0.005008917490855156
little,214,0.007889955870715858,0.9852697657906765,0.004440404639824852,0.002399873698782777
while,215,0.006260314372315963,0.9831907443856002,0.006608644901938796,0.003940296340145097
consideration,216,0.01160157053161687,0.9534839546398322,0.01515895209658799,0.019755522731962877
proper,217,0.013015155451261216,0.9591217202233263,0.011277977244834257,0.01658514708057815
human,218,0.016476437436594903,0.942051448599966,0.016177616127916808,0.025294497835522338
room,219,0.007269317952509174,0.9857368240847131,0.003757139810449967,0.003236718152327786
little,220,0.007452445502214987,0.9859266494376919,0.004293435375187709,0.0023274696849054596
too,221,0.004660554222620924,0.987412739899807,0.005647912849605621,0.002278793027966377
lay,222,0.006434300375976403,0.9814189315729664,0.008727784016699333,0.00341898403435781
peacefully,223,0.0027772655436759637,0.9871156237378688,0.008204611579267064,0.0019024991391883095
familiar,224,0.013531422110371493,0.9691378422311886,0.008036705798725653,0.00929402985971437
outside,225,0.010277257083239386,0.9685592485028803,0.015111352791939555,0.006052141621940753
physic,226,0.027225143846954823,0.9033850074814637,0.03259608420962831,0.03679376446195328
know,227,0.013300392707047748,0.9012137421031521,0.07867766048712767,0.0068082047026726406
nothing,228,0.024322036489424215,0.7345328439738239,0.22757597283613665,0.013569146700615122
action,229,0.03923412194716014,0.2538622925362996,0.6558041263506971,0.05109945916584317
carried,230,0.025052408225377746,0.11139640515750081,0.8424769667634352,0.02107421985368623
finally,231,0.010517140550707592,0.05929852829603492,0.9239544918939685,0.006229839259289019
amount,232,0.013604653408989541,0.009760220454253276,0.957182772448628,0.01945235368812926
also,233,0.01046117871477496,0.011737530545278277,0.971160126073852,0.006641164666094646
government,234,0.002967750406603306,0.0036977365878943687,0.9899378580872537,0.0033966549182487915
is,235,0.013002715703410056,0.004952610707066024,0.969185008446496,0.012859665143027922
best,236,0.012578968623402433,0.010949317191873283,0.9718124793454863,0.004659234839237854
governs,237,0.004604548382707267,0.0019467253884273255,0.9783626778893412,0.015086048339524254
not,238,0.0034985875730665947,0.004720606382604489,0.9887355966589392,0.0030452093853898586
men,239,0.004721510521038643,0.006438717721522878,0.9865886417957543,0.00225112996168416
are,240,0.010611297221888322,0.0033086147490844126,0.9773083476522787,0.008771740376748667
prepared,241,0.004820917322451384,0.00740907130062731,0.9839865371957188,0.0037834741812025068
be,242,0.005237300265608112,0.0037918045936404764,0.9855788007927683,0.005392094347983141
kind,243,0.010117386016054209,0.00631790032809715,0.9738065567827033,0.009758156873145372
government,244,0.002551850545998642,0.0029416441617652993,0.991590173549895,0.002916331742341029
government,245,0.0025696953409637684,0.0029567468561282587,0.9915425954306679,0.0029309623722402357
is,246,0.012217302181301314,0.004503471873041153,0.9712661564140814,0.01201306953157615
best,247,0.012379106793737613,0.01061556229556662,0.9724468525693457,0.004558478341350124
most,248,0.00931803206936431,0.005540792636258281,0.9800970783258733,0.00504409696850404
government,249,0.0027816053949845996,0.0031898392075393176,0.9907415610777459,0.003286994319730175
are,250,0.012661896484110244,0.00392180639458249,0.9718712171750651,0.011545079946242183
government,251,0.0036867873565492953,0.004248054283635213,0.9866906244487863,0.0053745339110292025
are,252,0.020949266099152118,0.006531103378430167,0.9433335169642875,0.029186113558130257
try,253,0.011295672523738736,0.0371374409895922,0.9351104618240879,0.016456424662581248
connect,254,0.03931227925068917,0.029936841824358174,0.7689293723280716,0.16182150659688116
cause,255,0.027909945611835386,0.022930930228026534,0.4113981975008663,0.5377609266592717
effect,256,0.01808834002617546,0.01043194672350013,0.052574834524107134,0.9189048787262172
experience,257,0.021156366429356612,0.01763963288863148,0.038164252489839116,0.9230397481921728
natural,258,0.009246650145401481,0.002152783023264822,0.0068137925674479505,0.9817867742638856
object,259,0.0048004076846999135,0.001454419019153209,0.003049242847565172,0.9906959304485817
afford,260,0.010048539391981706,0.01808156467427856,0.024747913072426273,0.9471219828613135
seems,261,0.01036129111464637,0.012184455015970527,0.01090220195136719,0.966552051918016
first,262,0.012384955924509422,0.01801875337022814,0.011888888650227266,0.9577074020550351
were,263,0.014864606970426474,0.014857213895619831,0.020322426144893165,0.9499557529890605
other,264,0.010538192406899157,0.007306534101940523,0.010761257787679829,0.9713940157034805
mutual,265,0.00479356604033047,0.004617953650707312,0.007250381170490704,0.9833380991384715
action,266,0.005951933875896751,0.005310187410152652,0.0075541525481517624,0.981183726165799
immediate,267,0.0064845283369302075,0.009798159969828033,0.010462928331367463,0.9732543833618743
dissect,268,0.009384090628346477,0.006661952670718696,0.007555992341546991,0.976397964359388
animal,269,0.008876865758282173,0.00394874589754297,0.0059424095826398,0.9812319787615351
generally,270,0.007634504480594418,0.002788911013023316,0.005788593081155259,0.983787991425227
assume,271,0.0037010988685856365,0.004620939881174495,0.007404633655672219,0.9842733275945676
form,272,0.00445901405825551,0.001824531229497864,0.003726337709078571,0.9899901170031681
be,273,0.007240944168967453,0.005237955609406159,0.01039580443428262,0.9771252957873439
necessary,274,0.003972740723224907,0.0031954324267146977,0.006646172291118595,0.9861856545589418
only,275,0.011478956696716627,0.012010873483757211,0.013594786022470948,0.9629153837970552
examine,276,0.005417794817992463,0.00477908549339387,0.007643080185623735,0.98216003950299
is,277,0.007809375149006657,0.0028717395703896707,0.004753526281837876,0.9845653589987658
drawing,278,0.01564573710934525,0.00836232231248047,0.005418755133157443,0.9705731854450168
outer,279,0.007888847708356433,0.0029483290517613135,0.003104393868097132,0.986058429371785
form,280,0.004889695675630364,0.001965371622927906,0.003965064736708106,0.9891798679647337
attentively,281,0.015021043838817083,0.017929680428136776,0.01406887927383396,0.9529803964592123
are,282,0.012561808685437157,0.0035069801346632834,0.007885840444700233,0.9760453707351994
led,283,0.012220439263772242,0.024685074135685242,0.02015556371296332,0.9429389228875792
necessarily,284,0.014387392171454265,0.003974330960895687,0.010942802431896928,0.9706954744357532
consider,285,0.038145488201536286,0.012471907896057729,0.02669296440949671,0.9226896394929093
mode,286,0.14799578363688817,0.009837164637796056,0.014949260574486064,0.8272177911508298
life,287,0.6614500574728407,0.042471456702501006,0.04421918806556331,0.2518592977590949
is,288,0.8285810151710321,0.01261459474800801,0.02149031696194241,0.13731407311901758
therefore,289,0.8721247324693165,0.01387544858686337,0.032196544219290385,0.08180327472452965
be,290,0.9474918614521398,0.010096207699523959,0.02013346539587608,0.0222784654524602
struck,291,0.952150353360526,0.027442671953962272,0.013650759955029202,0.006756214730482463
awkwardness,292,0.9753364736092267,0.00919032743843268,0.006146479619582237,0.009326719332758434
apparent,293,0.9708384032210119,0.006780228393064795,0.007184605793647999,0.01519676259227527
uselessness,294,0.9773001899434632,0.007018736014130645,0.006227992651714016,0.009453081390691983
collection,295,0.9875817753840392,0.00315705819490664,0.0037027569220500827,0.0055584094990040345
textile,296,0.9853286535606678,0.003943922330706863,0.004840869099727172,0.005886555008898187
sample,297,0.977588406871537,0.00494541348547071,0.005260675800111465,0.01220550384288082
lay,298,0.9556081092284349,0.02168024574786522,0.01616208365419111,0.006549561369508675
spread,299,0.945237809563196,0.02367605462900851,0.013976038760306248,0.017110097047489187
table,300,0.9093393119921211,0.05441043266071592,0.015891657242050602,0.02035859810511243
samsa,301,0.5850081002170591,0.3425610174362767,0.03681367418682484,0.0356172081598393
wa,302,0.17381286394974446,0.7772265253084836,0.03202512898752334,0.016935481754248638
travelling,303,0.05104123842177115,0.9234949231290556,0.01546455649734183,0.009999281951831652
salesman,304,0.018119199711048174,0.967580585813455,0.007615583366170568,0.006684631109326378
there,305,0.01683379246028184,0.9621597611076163,0.011535834654575881,0.009470611777526011
hung,306,0.00731931462867379,0.9864519717478554,0.004611184304812268,0.0016175293186585934
picture,307,0.013405019026181032,0.9738277787063526,0.0054371153887866844,0.007330086878679588
had,308,0.0035461352050643585,0.9889794685658202,0.005768360631501868,0.001706035597613538
recently,309,0.006678633978013048,0.983185289637015,0.006403544693536379,0.0037325316914353485
cut,310,0.005929368057550165,0.9880039817624364,0.004440710469128493,0.0016259397108848608
illustrated,311,0.01627977786203335,0.9710226923680819,0.005425030834889608,0.0072724989349951495
magazine,312,0.010468639104884046,0.9786823661025413,0.005005604667689654,0.005843390124884936
housed,313,0.010269728815728726,0.9739599445053125,0.007422310513441764,0.008348016165516984
gilded,314,0.01859574641371491,0.9696620587480981,0.005874763847270804,0.005867430990916098
sketching,315,0.01483994505811969,0.975041099357893,0.004480015575623763,0.005638940008363688
day,316,0.007226232426029216,0.9823666126603375,0.007645430784865223,0.002761724128768059
several,317,0.019664078430143922,0.9605192944030877,0.011974811686499184,0.007841815480269111
head,318,0.02218939335122374,0.9622051111222124,0.009083357842768557,0.006522137683795301
bird,319,0.11396912595042263,0.8539570716617265,0.019450121505227576,0.01262368088262327
became,320,0.1575258766283277,0.7744875661109931,0.04614670683181987,0.02183985042885919
vital,321,0.6037007904979949,0.28467645512353523,0.052421697419795917,0.05920105695867399
matter,322,0.8251581662321671,0.07611438605940987,0.03599902657609194,0.06272842113233121
interest,323,0.9223188218182862,0.030298239813661795,0.020236424878818216,0.02714651348923381
know,324,0.9258157353842654,0.04136319397356503,0.02571775653735546,0.007103314104814097
use,325,0.9679027326275231,0.006495667725576514,0.010456875408694132,0.01514472423820627
bony,326,0.9804814836746236,0.006117763178229648,0.004573420032038063,0.008827333115108698
process,327,0.9694709081850987,0.0055217459335209105,0.007663963734393439,0.0173433821469869
head,328,0.9779047535085015,0.011573011650069534,0.006091951802227638,0.004430283039201357
asking,329,0.9442225863675392,0.029150759259800305,0.02203628579829513,0.0045903685743655664
great,330,0.9836976763496231,0.007211431305543016,0.005700612778528278,0.00339027956630564
found,331,0.9798774682277056,0.007470442825590598,0.007054427900663255,0.005597661046040483
appeared,332,0.9740520730030997,0.015165916841969263,0.007076541008396507,0.00370546914653454
absurd,333,0.9780874498932716,0.0073786444394273246,0.007100699310887638,0.007433206356413588
wa,334,0.9762197222432282,0.011207854758395992,0.00818251865047869,0.004389904347897051
certainly,335,0.976445060894604,0.008928070710996204,0.009177770366923866,0.005449098027475845
unanswerable,336,0.9632287206650322,0.009072292057286381,0.012842727942471642,0.01485625933520976
communication,337,0.9728602963727814,0.004354977866496284,0.006708183806329471,0.016076541954392863
motion,338,0.9719544286170773,0.005058208967430897,0.005653350449340389,0.017334011966151426
push,339,0.9670526386074941,0.015582596451054998,0.011700183849757894,0.005664581091692824
heating,340,0.9813856815869253,0.0029545274572573706,0.003821269830033785,0.011838521125783581
inducing,341,0.9699265499141424,0.006255321293529115,0.007840715844856442,0.01597741294747199
combustion,342,0.9755021220869546,0.003969890202249726,0.0043228620216701754,0.01620512568912537
mean,343,0.9778929044182689,0.004613762859331415,0.00819269691077854,0.009300635811621136
is,344,0.9849085921403534,0.002812297918200832,0.004660848463125892,0.0076182614783197496
true,345,0.9833223596742378,0.004368656291296812,0.005269045591437893,0.007039938443027521
even,346,0.9763297272273802,0.008947476273139137,0.009590745144589383,0.005132051354891343
everyday,347,0.9855864754167113,0.004509350822639865,0.00448611647099138,0.005418057289657456
experience,348,0.9807808109041249,0.006327071145365691,0.00613575991928201,0.0067563580312273094
is,349,0.9849990183864877,0.002809434637498043,0.0046489948628867924,0.007542552113127217
sense,350,0.9772225661611725,0.004216955785049229,0.0057995348088550796,0.01276094324492324
action,351,0.9737694778031318,0.006739522995732371,0.009553324330772335,0.009937674870363445
play,352,0.9788704945888247,0.0094131180586364,0.007991254446845154,0.0037251329056936303
very,353,0.9860347806572868,0.00494109020090177,0.00504225446689667,0.003981874674914737
important,354,0.9817025098566795,0.0036605791804435036,0.006356442501558271,0.00828046846131866
objection,355,0.9485467312517777,0.013696152884515965,0.022213319939309962,0.015543795924396286
have,356,0.9751928853131286,0.007821982910170524,0.011121723787495102,0.005863407989205861
been,357,0.9711230414836048,0.010176165547006953,0.012150980546718686,0.006549812422669588
brought,358,0.9331091886356738,0.04282280399388054,0.017847515383529546,0.006220491986915915
standing,359,0.9375446594794249,0.03464858127282232,0.018216280714446878,0.009590478533305965
are,360,0.9281062108646171,0.02719661349845114,0.0212696898476257,0.02342748578930618
many,361,0.7410614518102756,0.18665571585268614,0.04565046198392009,0.026632370353118148
deserve,362,0.22728832728611226,0.6754397309677831,0.0794101859985919,0.017861755747512868
also,363,0.1123214105678798,0.835650019417251,0.0321662148229626,0.019862355191906485
at,364,0.029411286017714568,0.9507090314722805,0.012205943299887941,0.007673739210116918
last,365,0.009251816940086859,0.9810056067550602,0.007462237522898489,0.002280338781954391
be,366,0.015190245023211627,0.9530044082860135,0.018709508917936702,0.013095837772838143
brought,367,0.003359410236907884,0.9902333557622746,0.004724096097015373,0.0016831379038020177
standing,368,0.007179962565263849,0.9814737947616832,0.007325435089306783,0.004020807583746063
showed,369,0.007234426219447495,0.9799420235461048,0.0063596922891888275,0.006463857945258727
lady,370,0.004555118794175363,0.9900321703954675,0.00405359151696381,0.0013591192933933476
fitted,371,0.00747903126888315,0.9820137074295358,0.0044812424935275486,0.0060260188080534524
fur,372,0.010084138033196171,0.9802783846811711,0.005426232090413331,0.004211245195219566
hat,373,0.0074084838894734,0.9865968676569701,0.0038254531819574555,0.002169195271599058
fur,374,0.010142601367161991,0.9801720000927219,0.005459117189106543,0.004226281351009727
boa,375,0.009998000927018903,0.9798904411842891,0.0064785393392669,0.0036330185494249244
sat,376,0.003744693723022602,0.9890474358983543,0.005082713853359894,0.0021251565252630705
raising,377,0.009241926259721039,0.9732434098095458,0.010631679681154041,0.006882984249579124
heavy,378,0.009989099097774654,0.9754029822660885,0.007315591308340998,0.007292327327795811
fur,379,0.01042669377155627,0.9796210411297265,0.005602559071591346,0.004349706027125772
muff,380,0.007383466179332403,0.9849319123141616,0.004300946051592425,0.0033836754549135487
covered,381,0.013539145077828671,0.9741978574501605,0.006557730798771694,0.005705266673239122
whole,382,0.010493449008660099,0.97417121563109,0.0076866899860988614,0.007648645374151093
lower,383,0.015250842554412279,0.9591446114388384,0.01115162710149129,0.014452918905258022
arm,384,0.009529922930473183,0.9757228418584393,0.0075709295724649735,0.007176305638622698
gregor,385,0.010482813664148077,0.9782053815378758,0.006799252889062923,0.004512551908913346
then,386,0.01463807281423028,0.9702702866732125,0.010409712067821649,0.004681928444735637
turned,387,0.04436400844626042,0.9364001114958002,0.014608521275392231,0.00462735878254727
look,388,0.29375476727866756,0.6633953030844825,0.029859085488760095,0.012990844148089965
window,389,0.7411592908460626,0.2253122635044524,0.01378929300522749,0.01973915264425736
dull,390,0.9155241129816875,0.0633847299304678,0.01041914845592914,0.010672008631915659
drop,391,0.941396577005245,0.037517447503741475,0.012577209719574283,0.008508765771439216
rain,392,0.9733480362731266,0.01615692267212389,0.006713557843141286,0.0037814832116082006
be,393,0.9687555476364264,0.008215413835082043,0.01347577008188573,0.009553268446605898
heard,394,0.9526089080834657,0.030275441078995075,0.012811704570489383,0.004303946267049889
hitting,395,0.9764273700925463,0.014937420661816237,0.005935502173672728,0.002699707071964762
made,396,0.9728794975586761,0.013900026125506625,0.008767905032073125,0.0044525712837441755
feel,397,0.9760731009182305,0.010680161337304386,0.009423392905848482,0.003823344838616632
quite,398,0.9846386079223833,0.0060352769301098815,0.005434362744965404,0.0038917524025412495
have,399,0.9791485952336004,0.006374445809287764,0.009440921403627296,0.005036037553484447
have,400,0.979328270651907,0.00630162402590445,0.00935513478679944,0.0050149705353891225
just,401,0.9777354421818759,0.012908677522010897,0.006898381354773363,0.0024574989413397898
landscape,402,0.9927694775267503,0.0016069496794814844,0.0021211668405820795,0.0035024059531863156
painting,403,0.990700217262161,0.002981912261552429,0.002646205431304293,0.0036716650449823704
representation,404,0.971384088449861,0.0026258491595064896,0.006416345273422216,0.019573717117210246
phenomenon,405,0.974820171337659,0.0027702415876209837,0.0038396755381656838,0.018569911536554323
relating,406,0.9709375296946197,0.0031012626655434654,0.008793788329043936,0.01716741931079279
human,407,0.9766280835278719,0.003625298115217955,0.007624394366154778,0.012122223990755488
daily,408,0.9823870916808838,0.007106811317727635,0.006744012816958398,0.0037620841844302005
experience,409,0.9783570066511703,0.007063651613753132,0.006857258051657292,0.007722083683419275
weight,410,0.9770919096697301,0.005310965325485838,0.005081003107484451,0.01251612189729959
body,411,0.9709593975835993,0.006407494656563738,0.007844771697165008,0.014788336062672028
meet,412,0.918807520317,0.03323759615483856,0.0359063881025938,0.012048495425567601
something,413,0.9054443768756121,0.035547846470517515,0.02908035809193789,0.029927418561932463
something,414,0.7964536187798484,0.06087487341738895,0.05061541432358359,0.09205609347917915
not,415,0.4532476683305665,0.07058434561531816,0.11924977695909285,0.3569182090950226
linked,416,0.13827053712918108,0.022041047852975938,0.035630608760543976,0.804057806257299
cause,417,0.035841862163648625,0.01256219350879772,0.027860310634480277,0.9237356336930734
is,418,0.024314546826679787,0.005720782772035229,0.00981866786284331,0.9601460025384417
variable,419,0.0052582633875143,0.000679234960053445,0.001689333170478118,0.9923731684819542
time,420,0.012752997453131819,0.019003197851304273,0.015505041580593838,0.9527387631149701
do,421,0.012829317977458798,0.01476395931092938,0.021307369487408846,0.951099353224203
not,422,0.009649167168736324,0.012939655651192367,0.021002447988993814,0.9564087291910774
everyday,423,0.011585625973730451,0.006937244926217701,0.006968008511688468,0.9745091205883634
life,424,0.015259962493192104,0.011506973808120198,0.011723132895760649,0.9615099308029271
speculate,425,0.007760340420979047,0.010297087677648448,0.010791053165974143,0.9711515187353983
cause,426,0.004854211042119399,0.004042602658575714,0.008641829311404906,0.9824613569878999
therefore,427,0.004427470421911096,0.0031545552686159106,0.007255445594589517,0.9851625287148835
do,428,0.011394840097294188,0.013647813476664633,0.01978040497259644,0.9551769414534448
not,429,0.009106863938430203,0.012434049896874482,0.020289227360187713,0.9581698588045077
become,430,0.010804947457338496,0.014947747107606676,0.01929558166841049,0.9549517237666444
conscious,431,0.006225296139697759,0.005360761250545021,0.006085915958590387,0.9823280266511668
character,432,0.01127859675983139,0.006690211474270305,0.007117533724838689,0.9749136580410597
action,433,0.005962545780165106,0.005346771505992232,0.0075429837718680535,0.9811476989419746
