token,id,G1,G2,G3,G4,G5
animal,1,0.9999999944331143,3.216603772778875e-12,1.174411264645665e-09,4.38411679254318e-09,5.141081950872462e-12
farm,2,1.0615621905258752e-09,3.004690738400708e-12,4.597368747428564e-09,0.9999999942636714,7.439309080205202e-11
george,3,2.424723025544326e-05,0.002301480749962035,8.55429332765817e-08,5.870637932182408e-05,0.9976154800975274
orwell,4,0.2400105849438409,0.0007529505574009079,2.8024906229312534e-06,0.0005394917397863914,0.7586941702683488
chapter,5,5.465670451776589e-07,0.012079823711621819,0.98791773778495,6.476791895470694e-07,1.2442571935336792e-06
mr,6,0.0005053258234963232,0.0009615645047905196,0.9984415523904119,9.150363048210804e-05,5.3650819078105815e-08
jones,7,0.00018796772488320303,0.003437736266750229,1.9367524567211754e-08,1.8218294984443208e-05,0.9963560583458575
manor,8,1.0833918443809524e-07,0.0001567922457288048,0.011188984229335225,0.9699259285386255,0.0187281866471261
farm,9,0.9999999999236788,1.155044542950682e-12,5.1493005329568903e-11,1.67665360946578e-11,6.906655488336231e-12
hen,10,4.4960120852157106e-07,2.329683941902438e-07,5.219209764276973e-06,0.9999940099906238,8.82300092664468e-08
houses,11,9.285796881618928e-06,0.02027673771768723,0.4343687255512866,0.5349436387620916,0.01040161217205313
night,12,7.249100869466034e-06,5.5669094412353046e-08,0.9974418049562063,2.3823119611097173e-07,0.0025506520426338106
pop,13,0.003970153174187858,0.994154548824075,2.997476832587686e-07,0.0002858505909244132,0.0015891476631295252
holes,14,0.15414682252951326,0.7183689161195679,1.4923927863482849e-06,0.12735780858441254,0.00012496037372004937
ring,15,9.678750061228852e-06,1.2936742644787325e-09,0.9999650743811515,2.1634050379237057e-05,3.6115247336789184e-06
light,16,1.2779343778117205e-06,0.9999067738426846,1.5691591784258196e-07,8.717159011506905e-06,8.307414800828888e-05
lantern,17,0.00024120905839986176,2.3415546108763564e-06,0.9990017239159783,0.00073809379293394,1.663167807690088e-05
side,18,3.647530048634538e-07,4.438420236379198e-08,0.9999675232898155,8.168691740686804e-06,2.389888123660788e-05
side,19,8.353977859990146e-07,0.9998862480261023,5.280185446699076e-08,5.274657094735471e-05,6.0117203309936825e-05
yard,20,4.532132578657209e-05,4.529764856956627e-09,0.9948850028033528,0.004980510521950292,8.916081914547971e-05
boot,21,0.0028021661974910357,0.0014443541795088795,0.9957477782726263,3.225609757236515e-09,5.698124764253796e-06
back,22,0.00032368588388941656,0.888887739587997,1.3962688391484611e-05,0.09442569646658673,0.016348915373135296
door,23,0.007128499184562904,0.002127086708382575,1.8522434844031214e-07,0.9907049053369882,3.9323545717914064e-05
glass,24,0.005429184543381451,0.00011541431923110039,0.9944470139604141,1.1236787615063644e-09,8.38605329452648e-06
beer,25,2.176132549525217e-08,1.1104056504636738e-05,0.0005624152495630846,0.9994192697642559,7.1891683509292895e-06
barrel,26,8.461906798325889e-06,2.498630674600105e-05,5.479711265360366e-06,0.9999599453515257,1.126723664679983e-06
scullery,27,0.9774581599236717,7.529105270861551e-06,0.02253326182796863,2.3839802850225808e-08,1.0253032860116927e-06
way,28,3.705051730396594e-05,0.9810469649021168,4.259696714383404e-07,0.00042452715245813966,0.01849103145844976
bed,29,7.296829244186835e-06,0.00032713255064026987,0.9994309423074624,0.00021294440810052016,2.1683904552750223e-05
mr,30,1.599749099672717e-05,1.2202585266584885e-09,0.9994543873757998,2.7062544905387247e-05,0.0005025513680394862
jones,31,5.055704864670829e-06,0.9906611480681752,2.8102240505880235e-07,1.1281006372303851e-05,0.009322234198182873
light,32,4.671812637095386e-06,0.9996385044733903,1.2977727156680625e-07,7.592599466489739e-05,0.0002807679420361336
bedroom,33,0.0001424700054759959,1.2227072618514442e-06,0.9717695008579121,0.0277033100564888,0.00038349637286125694
stirring,34,3.622141570254347e-06,5.635045302005149e-06,0.953750319687406,7.264384706418514e-05,0.04616777927865768
farm,35,0.9999984999422439,1.3689214045192376e-06,3.71369730731499e-08,3.8777802344933946e-08,5.5221576328207016e-08
building,36,0.00019925319033484395,8.539809996102449e-07,0.0009138681032684898,0.022621459297160113,0.9762645654282369
word,37,3.1834383508435134e-06,0.9994782842131659,0.0004730566425332664,4.545733243169098e-05,1.8373518262694694e-08
day,38,3.5512789073483055e-09,0.9999437304453771,5.618895512841414e-05,3.4881684695904925e-08,4.216653102522954e-08
major,39,4.986568577681146e-09,2.8636742345053943e-08,0.00010133952451772396,2.944490595200874e-08,0.9998985974072654
prize,40,1.6969242960442933e-06,2.4727626486429688e-08,0.0003049279369324921,3.35833781458641e-06,0.9996899920733304
middle,41,0.0002285023865300913,0.9921534141028878,0.006459444647718909,0.0011586114034031288,2.7459460092099873e-08
white,42,0.808998082352363,0.15153215667103023,0.012532952715883486,1.0377913183898182e-08,0.026936797882809976
boar,43,1.1764909248645288e-08,5.213203799801629e-07,9.7453355013602e-08,0.9999991956874784,1.7377387725905122e-07
dream,44,6.601667112536207e-05,8.297154228901588e-08,0.01612236708950505,8.195687597054136e-06,0.9838033375802302
night,45,3.651628757261305e-05,0.9952142109974816,0.004739749059061753,9.290777051400446e-06,2.328788325945158e-07
animal,46,2.3303481545919367e-08,1.371100067351902e-09,3.4639008286320677e-10,0.9999999576284015,1.7350626573081754e-08
barn,47,0.9999996125019699,1.2894485983300655e-08,1.7192207430580205e-08,4.574110146170289e-09,3.5283722669416036e-07
mr,48,0.0033167768952485047,0.9168684312869365,0.07444575819251172,0.005357978288166964,1.1055337136150318e-05
jones,49,8.562143041073417e-06,0.9858003308879223,0.014162194967323618,2.618882961175609e-05,2.7231721011776134e-06
way,50,2.964208069715909e-08,3.9984661416537436e-08,0.00039697860932441285,1.8524791297559012e-07,0.9996027665160205
major,51,9.76509203983338e-10,6.466753949376932e-09,3.491711514514423e-05,4.975776579254089e-09,0.9999650704658151
name,52,1.67587805761125e-06,0.9987700413900429,0.0012155356672725686,1.2584349857803455e-05,1.627147691676542e-07
willingdon,53,1.863206685552244e-05,0.9822132414931878,0.01738629837825019,0.00038142552972515525,4.025319814856902e-07
beauty,54,0.001976121528524752,1.9283890593770504e-07,0.18317686969422164,0.028279229599558815,0.786567586338789
farm,55,0.9999990172904728,3.8637770714792e-07,4.427049565406774e-07,5.26830408931099e-08,1.0094382263686725e-07
everyone,56,6.654340284295269e-08,0.9981543489196295,2.2101345048557664e-08,1.4605274316916258e-06,0.0018441019081910175
hour,57,8.635874941042849e-07,1.280201468679556e-07,0.9968280732981744,6.263222926913025e-06,0.0031646718712578055
sleep,58,0.0006612100527383698,0.9982863048615315,3.237358601696616e-08,0.000788888798053613,0.00026356391409054715
order,59,1.5632254370584046e-06,1.432825658672636e-07,0.9937561924333782,3.7446396226442394e-07,0.006241726594656508
end,60,5.071806093529806e-06,0.9995536263248126,1.6748245338106483e-08,7.053415252380176e-07,0.0004405797793232491
barn,61,4.100706364513994e-08,1.0158945265524593e-05,5.3156788646803025e-05,0.9999366383980061,4.8610178233283035e-09
sort,62,0.00231419449020723,1.2067415114100602e-06,0.9873291065381891,6.621602072841969e-05,0.010289276209363776
platform,63,0.04300337729037574,1.7795043714051642e-06,0.954012827569381,0.0003768565874074093,0.002605159048464606
major,64,1.876265215143861e-05,0.9763792517117996,4.984216821425726e-09,1.9907012051780936e-06,0.023599989950626857
bed,65,6.731257749896557e-08,0.00416200905660674,0.021655396915211737,0.9741107778878303,7.174882777372148e-05
straw,66,0.9999793489537318,1.68960993849379e-06,1.8884983477855636e-05,4.2966809872238717e-10,7.602318399046021e-08
lantern,67,2.3828297581883267e-09,0.0008413074227377943,0.01006612954941205,0.9890417733174306,5.078732758975926e-05
beam,68,0.0031537029568868206,0.985748621250851,8.901832509593083e-05,0.01097800493081263,3.0652536353539094e-05
year,69,3.0141475436289537e-07,2.326137205199977e-07,0.009894388058057257,2.7739564429363617e-06,0.9901023039570248
pig,70,0.9999999145582847,6.169634224008137e-08,7.219617615209726e-09,1.4441866123472712e-08,2.083889221622264e-09
appearance,71,4.740987705501382e-07,6.314315021888609e-07,0.017672284664464903,1.0709465254129048e-05,0.9823159003400083
spite,72,1.3647085303510073e-09,0.9991023735557559,0.0008975013075997097,6.2413788740684555e-09,1.1753055691734792e-07
fact,73,1.041237267589035e-06,0.9991243566389792,0.000873697042123105,5.314660238802591e-07,3.736156063599442e-07
tush,74,0.32481300187222234,8.705269718297506e-08,0.028062985554935953,0.0007679209828042461,0.6463560045373403
animal,75,1.4395041476001962e-06,5.877125524406201e-09,1.8336564486508338e-09,0.9999985317594015,2.10256690178539e-08
fashion,76,0.12533444394023963,0.8647503003183364,0.009803609540251267,1.3309629848864022e-06,0.00011031523818776802
dog,77,2.3998988504472613e-06,6.786449481769929e-08,5.471227751083356e-07,0.9999969186142815,6.64995980128375e-08
bluebell,78,2.882189058764239e-07,1.828817174775739e-08,1.2933787503908164e-07,0.9999995406382586,2.351678865401967e-08
jessie,79,0.9906764539942715,0.001104368455981726,0.006220436040684437,2.905133865156777e-10,0.0019987412185490275
pincher,80,8.584743319197892e-09,1.2265026492805399e-09,9.088027543556772e-09,0.9999999799107968,1.1899296491393774e-09
pig,81,0.9999999966445059,2.792579032171672e-13,2.9783292875374577e-12,3.352171643391263e-09,6.485141525494191e-14
straw,82,0.9999998853641991,1.6951237731924813e-08,8.428356055394452e-08,8.570891499090892e-09,4.8301112369806255e-09
front,83,4.483851298423987e-08,0.004025574190776522,0.5036559405198733,0.48288374286237845,0.009434697588458841
platform,84,1.1878177290918355e-09,0.0011283273176300288,0.0014307802261715298,0.99708169550669,0.00035919576169067037
hen,85,0.9999999990009525,2.3408094340677145e-11,2.6994581720551994e-10,6.750632016311092e-10,3.063037965869689e-11
window,86,1.107114116072599e-08,0.004757240068788156,0.002366559351027228,0.9923241056426899,0.0005520838663534142
sills,87,0.9320422494419403,0.005365237710925803,0.061362295627880634,1.506381454344819e-08,0.0012302021554386356
pigeon,88,3.1601448509566308e-09,9.35899991578683e-11,4.423494906777877e-09,0.9999999922932359,2.953436238725508e-11
rafter,89,0.9999970193678243,9.244810903474236e-08,2.8431150024914904e-06,2.7296184072017622e-09,4.233944596056903e-08
sheep,90,2.3169337342844826e-08,3.495055406325514e-14,3.8257116491322847e-13,0.999999976830223,2.208440832281419e-14
cow,91,0.9999999998174297,2.849285284205974e-14,7.349425482356556e-13,1.8179882850361364e-10,8.055380513378471e-15
pig,92,2.571562846949767e-08,4.3443660848120916e-13,8.353964848027875e-12,0.9999999742754666,1.164281180201562e-13
cud,93,4.619778920885348e-09,7.353561196699746e-09,5.999685058227865e-08,0.9999999236546284,4.375180984500728e-09
cart,94,0.9999995920583474,1.2581519757516494e-08,3.7191939913764217e-07,1.947732601824872e-08,3.963407552791338e-09
horses,95,0.9999998694837576,3.590212699457983e-09,7.934391492554396e-08,4.5645093547172745e-08,1.9370211467290656e-09
boxer,96,2.7594574068570005e-07,0.03827270340042917,0.0005502641293859993,0.9448630545861476,0.016313701938296562
clover,97,0.9999999426435298,3.5407697164368194e-10,1.758839622267666e-08,3.925627410879125e-08,1.577227770240382e-10
hoof,98,1.399369627206028e-10,3.6219386015653475e-11,3.5659865475255717e-09,0.9999999962540749,3.782192196951284e-12
care,99,0.9977224828766791,0.00048735205005576566,0.0005980671023394364,2.0589743713674487e-08,0.0011920773811820893
animal,100,4.561424708302836e-10,9.539973712233955e-14,6.520412504333376e-13,0.9999999995430552,5.49197140769094e-14
straw,101,0.9999987883269659,5.314620366548921e-08,1.0732294786893577e-06,5.62387781108547e-08,2.9058573745108075e-08
clover,102,0.9999998813797772,1.33314535283831e-09,9.219974935493253e-08,2.39026746870104e-08,1.1846534842572778e-09
mare,103,2.6387556388684756e-10,1.7945216539249788e-06,0.000250615071473275,0.9997449986861893,2.5914568078593537e-06
life,104,0.0018223102998808666,0.00817079525133452,8.323594014248834e-07,0.016343488038872193,0.973662574050511
figure,105,0.00019178802681401423,0.003396681605102215,0.9953597121329544,0.0010518023514764626,1.588365300883097e-08
foal,106,0.9991265106301064,2.0658760659837723e-06,0.0008656311793610722,6.660935791276979e-09,5.785653530634874e-06
boxer,107,0.0034905080934299433,0.3392905022406609,2.1606105265912482e-05,0.02580270175371012,0.6313946818069333
beast,108,3.5414903783283495e-10,4.871319341685137e-05,0.27968765400988793,0.7202445265865313,1.9105856015036223e-05
hand,109,0.012583116216414154,0.1975525918430653,7.702209191883915e-06,0.7393264165116102,0.05053017321971845
horse,110,0.9955841784959226,6.398831840650885e-07,0.004413794245303493,2.971295576880532e-07,1.0902460320840105e-06
stripe,111,1.8645395379774824e-05,0.00024180724056161473,0.9993563377024042,5.044373635319922e-10,0.000383209157216889
nose,112,0.0031620171564083824,0.009828565563689485,8.123729285344365e-07,0.9692320669657616,0.017776537941211895
appearance,113,2.0316843113928356e-08,0.00012880576486212327,0.9998682732876178,1.1656062342346574e-06,1.7350244426120737e-06
fact,114,4.5410783946313556e-08,0.01843654757888638,0.981561782760911,4.6464736139258276e-07,1.159602057248491e-06
intelligence,115,1.1975809926782068e-08,0.00036573509302142884,5.995384329376025e-09,4.181461009416573e-08,0.9996342051211743
steadiness,116,7.864835141065275e-11,0.0004909087912458132,0.9995090796466721,6.170370738195053e-10,1.0866396598913685e-08
character,117,2.0572952928656885e-06,0.0046363137207092115,9.915720374745058e-07,7.857343473706607e-06,0.9953527800684866
power,118,1.9308556116860202e-07,0.00602033016504692,3.704288294192634e-07,4.968499062186056e-06,0.9939741378215003
work,119,5.0959583832746e-07,0.005232402799093615,0.9947340397201923,3.2936266546659125e-05,1.1161832917394926e-07
horse,120,0.9868068878166374,1.6660687619335911e-06,0.013112406710496636,3.7453066707417043e-07,7.866487343688967e-05
muriel,121,0.00027291010315009536,0.0020997249413651446,4.0229173569789107e-07,0.07692510143328644,0.9207018612304626
goat,122,0.9999998892379993,2.999096669805806e-11,8.910583758694254e-08,2.111911742145352e-08,5.070547042821005e-10
benjamin,123,0.00011579864712464775,0.013592938766026684,0.9860371032096321,0.000253818544690223,3.408325264695066e-07
donkey,124,2.5143943620495718e-08,2.5423488304558e-08,2.115480881192923e-05,0.9999786103565023,1.8426725397230537e-07
benjamin,125,0.00017610185483338164,0.00141357793649683,1.4789627429168948e-08,2.4428319110727067e-05,0.9983858770999317
animal,126,2.559536155189264e-08,9.023755636977352e-11,1.5901484914866953e-09,0.9999999724189313,3.0532107311342536e-10
farm,127,0.999999995619867,3.6901725677708155e-11,2.9855843989327326e-10,3.4808895796385148e-09,5.637832162415758e-10
instance,128,0.00014997575415372048,0.9774615702645582,0.018015726734682116,0.004372652756518202,7.449008772844909e-08
god,129,0.00017009229700859764,2.1741592482790941e-07,0.054917753587842046,0.027045297906044232,0.9178666387931802
tail,130,0.9997408742255567,7.782837933798897e-05,0.0001774965351921136,7.468463455594183e-07,3.0540135674596277e-06
fly,131,0.9901042200988868,0.004016780280740347,0.005577204577851497,1.4151895114824082e-07,0.0003016535235702992
tail,132,5.86761642984812e-11,6.410244836678801e-08,6.128448854239676e-07,0.9999993210167262,1.9772637662282387e-09
fly,133,1.5234167578755037e-10,6.554501889284268e-05,0.0004204553855693702,0.9995104249321419,3.5745110542911412e-06
animal,134,0.9999999840155785,1.669920481519661e-11,6.959787489973428e-11,1.589668170587637e-08,1.442692583409966e-12
farm,135,0.9999999389166679,2.5707532859841073e-10,1.544911848316403e-09,5.923407335479035e-08,4.727138076345181e-11
nothing,136,1.1487122439861828e-06,0.9968631576103463,2.5559365635844877e-09,3.369136795140908e-05,0.0031019997535219742
boxer,137,3.533255543234326e-05,1.7373628666227573e-07,0.9980861694290697,0.0004102160558858008,0.0014681082233254199
sunday,138,0.00028836641401129435,3.355805175527707e-06,0.8025298951377028,0.0007815099984194864,0.19639687264469094
paddock,139,7.475129837035679e-10,8.513680461560884e-06,1.8089496504924427e-05,0.9999733720968818,2.3978638808739828e-08
orchard,140,0.9999902630520588,2.0477430151427888e-06,7.645739557072955e-06,6.424720584137567e-09,3.70406484199924e-08
side,141,0.0008480803516782706,0.9822823923727049,5.1960312918777224e-08,0.01574049483674025,0.0011289804785636415
side,142,0.0005868401393191391,2.7373341291614176e-08,0.9924232418298042,0.006475658969627879,0.0005142316879073793
horse,143,0.9999960605226809,2.0884197825657391e-07,3.7253746412373583e-06,1.3293230952772856e-09,3.9313765297750046e-09
brood,144,1.8059952132662534e-08,1.2404983282047525e-05,0.00011373876677009573,0.9998735990523488,2.3913764684396266e-07
duckling,145,2.4319453851864496e-08,3.834049026222127e-06,0.0003107808526525146,0.999685259262819,1.0151604842354258e-07
mother,146,0.055682835171595856,0.8692428637573714,3.0526756892581945e-07,0.022700280359569766,0.052373715443894124
barn,147,0.9999975754967804,4.211860038288652e-08,2.3665818433759147e-06,1.545635264384325e-08,3.4642316731797247e-10
side,148,9.257208456268319e-06,9.321383527988708e-09,0.9993029226488068,0.0005929441429105281,9.486667844282504e-05
side,149,2.1825835383620954e-05,0.9969139451340522,8.803585641238656e-08,0.0026672497335344424,0.0003968912611732816
place,150,3.0359763013969947e-05,2.559215417934844e-07,0.9522135741262537,0.0023258415458532046,0.04542996864333738
clover,151,0.9999524974177465,1.3610327478206155e-06,4.6087384342262566e-05,4.001249261305375e-08,1.415267069547202e-08
sort,152,7.821242319690362e-05,0.9098069869469076,2.9381410326867384e-06,0.07524962635563703,0.014862236133225713
wall,153,4.620732676112891e-11,0.0005307303762783607,0.05562254950580739,0.9437923176150058,5.4402456701194995e-05
foreleg,154,0.9950542342047157,1.7352494467461438e-05,0.004927189712437154,1.0027334258350576e-07,1.1233150371057592e-06
duckling,155,0.999927014063031,6.967120126150636e-08,7.287921280152887e-05,5.711810367674365e-09,3.1341156060877984e-08
moment,156,6.624380504998413e-07,0.6094275482927898,1.485360965087452e-07,4.699831131315158e-07,0.39057117074995007
mollie,157,6.122677848870029e-08,0.00016004971743718182,0.5241699043422056,0.47335754417275777,0.002312440540821082
mare,158,1.1294293538687296e-07,0.0001013336627054373,0.5576915736352273,0.4416039081777912,0.0006030715813406931
mr,159,0.00043737517838934203,9.077422730946224e-05,0.999467957090381,3.892707955947928e-06,7.959644011101802e-10
jones,160,0.0002821271299774913,0.017326636611333063,1.174167095322879e-05,4.329389183052391e-05,0.9823362006959058
trap,161,0.23192585626246695,0.04051838972015563,0.0003378429644307293,0.6880725279380636,0.03914538311488309
lump,162,0.03800018943388439,0.0010132041829018603,1.1880065654252413e-05,0.9588571127397579,0.0021176135778014395
sugar,163,0.0754825363669342,5.3738555412674175e-06,0.9244707333967893,5.789311333266418e-09,4.1350591423865043e-05
place,164,6.029301224558461e-06,0.03969357865457765,3.3892931136451695e-06,0.00045358538150161687,0.9598434173695825
front,165,3.6864317597007567e-09,1.0004528639549747e-05,0.9999897190958589,2.7268007975491266e-07,8.99019061990458e-12
mane,166,0.04944065689907,3.739890872943553e-05,1.346554410210607e-07,0.9502708559636521,0.0002509535731074475
attention,167,4.085239372235569e-06,0.006002011575879135,1.994472139656099e-06,1.2751442826066493e-05,0.9939791572697829
ribbon,168,0.06867883649240651,0.0007110631570784045,0.9172391021651172,7.906750301348227e-10,0.01337099739472283
cat,169,1.0799858366418729e-08,1.8776912116658545e-07,0.00011419446953865089,0.9998839858087541,1.6211527277122147e-06
usual,170,0.0022419980428041854,0.992586218149428,0.004588174226219558,0.0004439059143912933,0.00013970366715696382
place,171,0.0006335012047153798,0.9664864773630547,0.032821884217655244,5.364439186071978e-05,4.49282271410766e-06
boxer,172,5.194617825491975e-05,3.8908246403876975e-09,0.021032495079527,1.1861229769641696e-06,0.9789143687284164
clover,173,3.369657694918773e-07,3.516807802273994e-05,2.4599415988931997e-05,0.9991166299051896,0.0008232656350293276
major,174,2.1890424702486455e-05,0.9906436674342679,0.009324934298873218,3.440828393159497e-07,9.16375931708501e-06
speech,175,4.170011547482439e-08,0.992817415568564,0.007180131341360482,1.0847798327253501e-09,2.4103051801685695e-06
word,176,0.0008160565503939911,1.4332335847164176e-08,0.00301190457000581,2.030196822786164e-05,0.9961517225790364
animal,177,1.2126107574488008e-07,1.8572398555872668e-08,5.687042861080421e-08,0.9999996646645248,1.386315722583602e-07
moses,178,0.00036426844847572753,0.0036844969844112277,0.995884501278326,6.38346253640992e-05,2.8986634230385174e-06
raven,179,0.24187992536705677,0.007308315116607633,1.682372814555099e-07,0.6953746473519388,0.055436943927115304
perch,180,0.22233348598944738,7.336292696764794e-05,0.775962384384077,1.3152861188546967e-08,0.001630753546646659
door,181,0.01801662994775792,0.011570849742452673,2.8651880182768583e-06,0.8437886485346446,0.1266210065871264
major,182,7.260053238712015e-09,0.0007503327143121792,0.9992494944927752,1.0089797910714605e-07,6.463488030437855e-08
throat,183,0.011716361206310203,0.013733237498102078,4.0729665618642156e-05,0.1283998178088489,0.8461098538211203
comrade,184,3.08944041549413e-09,2.9472902698681868e-05,0.9999705130643985,4.989422725659216e-09,5.954039641100722e-09
dream,185,1.3551654806660124e-08,0.0015241874781553666,2.14377112562998e-07,1.8587930136684792e-08,0.9984755660051471
night,186,6.448482794339103e-10,0.00016848217445542717,0.9998315123578243,1.441188662504525e-09,3.3816831790449132e-09
dream,187,1.2776083062909383e-08,0.0014278068671702117,2.4955479605455166e-07,1.3733119199554637e-08,0.9985719170688314
something,188,2.7264688562030467e-08,0.0017059981474575139,1.225152528322771e-07,3.614443494439924e-08,0.9982938159281662
comrade,189,5.670399887240351e-09,5.416221855362599e-05,0.9999457870056971,4.811771363575786e-09,4.0293578025018264e-08
month,190,4.703732321821394e-11,0.007110940210327439,0.9928824714330742,8.59567333789719e-11,6.588223604336236e-06
duty,191,5.622181936563152e-10,0.00010515248593360976,2.7112254800042307e-09,1.113225543905474e-09,0.9998948431273971
wisdom,192,1.5708195976685253e-07,0.00012879305278554908,0.9998708732958069,1.4157504784336096e-07,3.499439995693746e-08
life,193,1.321946467013639e-07,0.00018886040226069305,1.081234479199441e-08,1.0067239649150815e-07,0.9998108959183513
time,194,1.5524771744110608e-11,0.0017715867947426293,0.9982282708995457,3.298551228516769e-11,1.4225720140500003e-07
thought,195,1.101743957931306e-07,0.0007101335018299293,5.444513125246259e-08,2.1044186099331037e-07,0.9992894914367821
stall,196,0.07030885620513928,0.001628454919898593,9.077559488094545e-07,0.20514072704103106,0.7229210540779824
nature,197,0.00030090916797212934,0.0013549366064114598,0.9974987320294433,0.0008452543447618401,1.678514112103921e-07
life,198,1.3143932301940477e-06,0.001529469955782904,0.9984608509731965,8.211760616851516e-06,1.5291717373203582e-07
earth,199,0.004134459149766281,0.0027938063577153684,3.8884700778437807e-07,0.39734712065864697,0.5957242249868636
animal,200,0.9999953888514972,8.438890555290798e-10,4.357048507643845e-06,2.5108105768426985e-08,2.2814800029251996e-07
comrade,201,7.451308177342558e-08,0.000712228483978097,7.853837021944724e-08,1.7069679686748781e-06,0.9992859114966013
nature,202,0.0004425818926818969,0.003501169689047582,0.9872667800218207,0.008789266068407686,2.0232804206241773e-07
life,203,1.06068290452162e-06,0.0029364145582400957,0.9970523656295943,1.0113761428524056e-05,4.536783248065701e-08
life,204,3.875561870304431e-06,0.029137139218581968,1.1732314755715513e-07,4.710414387117182e-05,0.970811763752529
laborious,205,0.0004485401337737046,0.6403028522543968,2.514580515902547e-07,0.010923685002111314,0.34832467115166654
food,206,0.9878848522486215,0.0054248752451010185,0.006534645921953409,1.4890525078119954e-07,0.00015547767907324523
breath,207,1.0108383716020861e-06,2.63509774677499e-07,0.9994926182232611,2.9813836982229734e-05,0.00047629359161049993
body,208,2.706232863848104e-06,2.2495744939785265e-06,0.9988216093855146,0.00010403742243476349,0.0010693973846929725
atom,209,8.074283536786317e-06,0.9999013709847332,1.222218795183433e-10,4.510605211485198e-05,4.544855739332755e-05
strength,210,1.1883080409196761e-07,7.388766920893351e-05,0.8407587568835468,8.70541047172764e-07,0.15916636607539286
usefulness,211,1.0140067993193799e-07,3.0936080472217475e-05,0.03227659013191317,5.103143712745191e-07,0.9676918620725634
end,212,5.0978545130797524e-08,0.9996299890412532,0.00036899132349448076,9.677375247889765e-07,9.191823702072828e-10
cruelty,213,0.0010299751217366822,5.674676329908662e-06,0.006423831539823774,0.07898029461436133,0.9135602240477483
animal,214,0.9999994181253229,4.6883805499852335e-07,2.806811422039945e-09,1.7061484049190752e-08,9.316832689170692e-08
england,215,1.3504600675690043e-05,0.9976710579333123,0.0018074557663683454,0.0005078286952459221,1.530043977912522e-07
meaning,216,0.0020467215014669062,5.269325503439482e-07,0.0024299599535925207,0.041573125091071514,0.9539496665213186
happiness,217,4.168877145884302e-07,0.9997984477424597,0.0001995438339204416,1.5868585735387722e-06,4.677331698384592e-09
leisure,218,0.0002616186840233728,7.824340655359552e-06,0.0020686962557084415,0.07267295205527867,0.9249889086643343
year,219,4.8971722321896825e-09,3.166702139258857e-07,0.00021206086561588837,7.503492608718168e-08,0.9997875425320719
animal,220,0.9999997736849412,2.1094022039007758e-07,5.464638418173393e-10,5.029405125714632e-09,9.798969186354283e-09
england,221,0.00010052450810308135,0.9979668742843292,0.0015306437571503521,0.0004019126024411114,4.484797614680827e-08
life,222,7.016550325801107e-05,1.3635858648705852e-07,0.0009728907817267648,1.7440528372302514e-05,0.9989393668280564
animal,223,7.291874474537449e-08,9.359926307771584e-07,3.2205275442724863e-09,0.9999988672670471,1.206010496981251e-07
misery,224,3.993433534910791e-05,0.9994651250052986,0.0004928375437647633,2.100782654994795e-06,2.3329325740610418e-09
slavery,225,5.345778168855155e-06,1.207645917986866e-07,0.00016639092028941245,6.773662274849205e-07,0.9998274651707225
truth,226,2.7336835954203194e-08,1.6137873333175383e-06,0.0015420854370803278,1.224997108892619e-08,0.9984562611887793
part,227,2.1888869238826293e-08,0.9999764300373836,2.351324291466708e-05,1.7759380218533977e-08,1.707145225067606e-08
order,228,2.052049741070837e-08,1.197448369269123e-07,8.081269009090898e-05,1.887173384134283e-08,0.999919028172841
nature,229,3.539701090516351e-05,0.9999165750819767,2.491536487595573e-05,2.3098633644837634e-05,1.3908597140319732e-08
land,230,0.004684577982471317,1.4831093025477612e-07,0.00016129477631056241,0.005078942827645369,0.9900750361026425
life,231,2.2573251335020583e-07,0.9999549195256653,4.475309813754473e-05,9.076414572564212e-08,1.0879538227843793e-08
comrade,232,2.2581611768313325e-07,1.1869411307205503e-07,0.001520209619786399,5.837648656663368e-08,0.9984793874934962
time,233,2.504837246536054e-10,1.3135652339567566e-07,7.957956866705411e-05,7.040942958171155e-11,0.9999202887539164
no,234,2.6843353459143553e-05,0.9984645992389664,0.001505437517809568,3.023248397799129e-06,9.664136719185704e-08
soil,235,2.9007370133742924e-08,0.00039085401131227316,2.777779153360148e-05,0.9969075826419737,0.0026737565478104413
england,236,0.4738750519913579,0.4560042571275638,0.0646939377760017,0.0054088267792951885,1.7926325781478265e-05
climate,237,0.8418329592346595,0.0037989693753829024,0.0015329855289085673,3.283417368889928e-10,0.15283508553270728
food,238,5.8147928252527894e-08,1.5561702338806257e-07,7.125909676801533e-08,0.9999990455441818,6.694317698466275e-07
abundance,239,1.4879556203437242e-08,1.0489085376264251e-05,3.3758219679476826e-06,0.9999726214504536,1.349876264605132e-05
number,240,0.7809131521080649,0.011389045329532898,0.029061676134556645,1.085781450899211e-07,0.17863601784970035
animal,241,0.9999999996404229,1.425032310061616e-13,3.578669089480508e-13,3.5903022262447673e-10,4.659103209901763e-14
farm,242,3.904939342390844e-09,4.4765194978121616e-13,3.4831363259167204e-12,0.9999999960901774,9.52424063292738e-13
dozen,243,6.724105522200264e-10,0.004750882936011836,0.007592321637694757,0.9860443434661029,0.0016124512877799574
horse,244,0.9999975847892315,5.113209956320737e-08,2.3241255367882093e-06,3.4807250579293875e-08,5.1458814917531645e-09
cow,245,0.9999999124819835,3.7788389407848505e-10,3.5666559218969134e-08,5.146617204785269e-08,7.401278879198666e-12
hundred,246,0.00038629943434743795,0.8631428367211562,3.51378809725311e-07,0.11137655605381193,0.02509395641187462
comfort,247,1.3991339014639616e-06,8.657762935652569e-09,0.9997914130175336,2.418318431319538e-05,0.0001829960064887636
dignity,248,3.739223208977629e-09,0.9981372106091735,7.666829440709319e-09,1.606530463571373e-08,0.0018627619194692222
imagining,249,3.373425762338661e-08,1.528578890244509e-07,0.9996018597479254,6.546935335239273e-08,0.00039788819057458286
condition,250,5.565547443475173e-08,0.999909893435788,8.389122162016764e-10,1.1289883336326118e-07,8.993717099228641e-05
whole,251,1.4086751106944745e-05,2.1880797886148696e-07,0.999490706040042,1.899963460731655e-05,0.0004759887662651438
produce,252,0.01164435632798207,5.577469484276483e-08,0.9785767522639095,0.009718102378583785,6.073325482988418e-05
labour,253,0.0001856727771700779,0.9966393651543212,1.3730236856645864e-07,0.0001087420923668266,0.0030660826737733235
being,254,3.145631683778838e-07,0.999022040087507,4.758955986047047e-07,6.148876986099573e-07,0.0009765545660274098
comrade,255,1.1633115765545286e-07,0.9970146011516265,3.058772172922597e-06,9.903425932319415e-08,0.00298212471078351
answer,256,3.490637396727903e-11,2.3377286511038906e-08,0.9998030980822438,4.8552967425746956e-11,0.00019687845701036986
problem,257,3.346166730249924e-09,1.4592984647722703e-07,0.9991095520195049,4.443941270914164e-09,0.000890294260540598
word,258,2.017514852984708e-06,0.9996867073043247,1.6145616191269755e-07,2.8668846439764154e-06,0.00030824684001643367
man,259,1.114515220610008e-05,0.9996751504877,8.345310902851751e-07,8.608762754152223e-06,0.0003042610662494582
man,260,2.6764582103586007e-07,1.2014230869570576e-09,0.9999922195948368,2.0680513821031593e-07,7.3047527809743455e-06
enemy,261,5.234243450364904e-09,0.9997948141308246,4.578083301995636e-07,1.3021813302318727e-08,0.00020470980478855995
man,262,2.767415101149848e-07,1.2584691642745775e-09,0.9999919773146458,2.1534184273312799e-07,7.529343532349614e-06
scene,263,5.295566506039576e-09,0.9996533127609782,5.272099037222242e-07,1.2120066659947164e-08,0.0003461426134849063
root,264,0.0010230801062524647,0.996375260447669,2.2360402878038757e-07,0.0023966290270820614,0.00020480681496775369
cause,265,5.2412173617541085e-09,9.253274689629607e-08,0.9998019100280465,1.1802656878428987e-08,0.00019798039533234097
hunger,266,3.77868890752533e-06,4.682034038462017e-08,0.9997743552408261,4.50731994912286e-06,0.00021731192997687088
overwork,267,1.5871069961414132e-06,0.9985517552281106,3.398684866322518e-08,3.4618718419444274e-06,0.0014431618062026956
ever,268,4.801021495451582e-09,0.9990412827050438,1.2288781554903587e-08,3.101512675112034e-08,0.0009586691900263752
man,269,0.0007669374300415599,1.6753661787696612e-08,0.9960073523873895,0.0023791830955812283,0.0008465103333257737
creature,270,0.9950622047088362,0.00098981786929731,0.003945583487982863,6.006089424455974e-09,2.38792779422738e-06
producing,271,3.1819392693297444e-09,0.0017350330466732774,0.0006458461325152982,0.9975597575640848,5.936007478727377e-05
milk,272,0.9999999995094466,5.147186561339576e-11,1.9741016093409524e-10,2.3220858865835559e-10,9.462900264732787e-12
egg,273,2.5788190278491297e-08,3.263377486693414e-08,2.1031070863825032e-07,0.9999997129445694,1.8322756849940513e-08
plough,274,6.314340586395702e-08,3.818330427840586e-09,9.554641970644929e-09,0.9999999046296112,1.8854010447386363e-08
rabbit,275,0.9999999997545845,5.312724625954172e-12,1.284416581902897e-10,9.908953187480634e-11,1.257159653407313e-11
lord,276,0.014167944979799113,0.4517955777670298,0.531852525499193,0.0021798199710068456,4.131782971330261e-06
animal,277,3.5296548326070564e-08,2.9127778554582787e-11,4.521501574870356e-11,0.9999999639439069,6.852020472871058e-10
minimum,278,0.32397179154480216,5.3048054127470576e-05,0.0012602586754708097,7.142360351695235e-07,0.6747141874895645
rest,279,0.0069626847574506025,0.8335173437815585,0.14170488538670348,0.017814283457742355,8.026165451180242e-07
labour,280,1.2972003456169024e-09,0.0029384856937495507,0.0006537573132265403,0.789476469317757,0.20693128637806663
soil,281,0.9999980392455924,3.13240082447875e-07,4.6650850184673884e-07,2.823607380755638e-08,1.1527697494216332e-06
dung,282,0.9999999841870612,3.8590029492332004e-11,2.59525204825905e-10,1.547389984027006e-08,4.0923710319193045e-11
skin,283,4.111207281230562e-10,6.039280017961723e-07,3.945217143601525e-06,0.999995397924889,5.251884491150819e-08
cow,284,0.9999999993368105,1.875016727426918e-13,3.1028435201521846e-12,6.598271867724668e-10,7.197093609221028e-14
thousand,285,3.844483075473162e-07,0.00782429726181144,0.0275452822326859,0.7425426055151984,0.22208743054199676
gallon,286,3.501347689729792e-08,1.3809054557370126e-05,9.946050240042843e-05,0.9998619845103844,2.4710919180894832e-05
milk,287,0.9999999998189273,2.3043322778287e-11,9.606010970098954e-11,2.1896478824699584e-11,4.007275584452502e-11
year,288,0.0015094712025809094,0.9905098410138291,0.007965373764687967,1.247980768838234e-05,2.83421121349904e-06
milk,289,1.4787186750153072e-06,1.7607715618121836e-07,3.7794737285786344e-07,0.9999979067234258,6.053336999590644e-08
calf,290,7.534860088886291e-07,1.3362034719466887e-05,2.7356144537980204e-05,0.9999583520664101,1.7626832362342462e-07
drop,291,0.0018062651092498566,1.6575940659494235e-07,0.994717663051568,4.8940213614705605e-05,0.003426965866160969
throat,292,0.28601711370663163,0.6250958864174612,8.68757767207544e-08,0.08853761610667941,0.00034929689345102613
enemy,293,4.423814089690969e-06,1.1883834327211056e-07,0.9953630023816277,4.842862896195635e-06,0.004627612103043097
egg,294,0.999794475379029,2.2567475592446287e-05,0.00018278379349186797,1.4348092626630819e-09,1.7191707742510067e-07
year,295,4.291606248331021e-06,0.9981853917328188,2.1156807086565046e-07,4.81422174201422e-07,0.0018096236706879043
egg,296,1.3403748921208368e-07,0.00010331448081785822,0.0007262276449736038,0.9991692612454792,1.0625912400514797e-06
chicken,297,6.976440995664902e-07,9.086460690462522e-07,4.9191121557174075e-06,0.9999934708435503,3.7541253789512275e-09
rest,298,0.00018374507174088292,9.572233235468154e-07,0.9795408423812334,5.196412845211708e-06,0.020269258910856985
market,299,0.17329172350899896,0.8250676813411081,1.0651154827380056e-08,0.000871844131902018,0.0007687403668358139
money,300,0.00011381673720553994,5.274313964286359e-07,0.9952262879901572,3.453645830374257e-05,0.004624831382937052
jones,301,6.689629598682535e-07,2.8286708306264403e-08,0.9988964330367707,8.094145090553394e-07,0.001102060299051986
men,302,1.6256223136792074e-06,0.9957729778538055,1.3223472232285075e-07,4.3245164373978176e-06,0.004220939772721191
you,303,1.0361207241098031e-06,0.9981828106575696,4.188055133352418e-07,2.8056938149923032e-06,0.0018129287223779048
clover,304,0.9997424395298375,2.54427769077313e-06,0.00025500215167100225,2.5148487425329768e-09,1.1525952034505717e-08
foal,305,6.038799100222483e-09,0.0010927728041484012,0.003596456196877367,0.9953087863251102,1.9786350648127282e-06
support,306,4.885816511272947e-07,9.444123832826896e-07,0.9658158340691856,3.1766082062361484e-07,0.03418241527595932
pleasure,307,4.8822332465365684e-05,0.999611920559957,3.757554219856538e-09,1.3088314507975075e-05,0.00032616503551536415
year,308,2.4001897016619702e-08,2.8236324267189125e-06,0.9661818292327409,2.0084791944400543e-08,0.03381530304814348
return,309,1.0336931082042572e-09,2.1943572219706442e-07,0.9990829504287403,1.7957813314357706e-09,0.0009168273060631775
confinement,310,9.71937480321563e-05,0.9990601152983704,8.280002676761439e-08,0.0001314937056762389,0.0007111144478946235
labour,311,0.0002414429664430532,0.9960052057933125,1.7907941036435677e-07,0.00012911236408615556,0.003624059796747812
field,312,1.694162679590663e-07,4.44642086500187e-10,0.9999896737333415,6.213149477124321e-07,9.535090800857226e-06
ration,313,0.006494354747446135,0.9873154467315941,1.0314802180402874e-06,0.00465380600841865,0.001535361032323085
life,314,7.313712974477355e-07,0.9986998075831448,9.724424165542365e-08,6.30769590447898e-07,0.0012987330317255589
span,315,8.556563701839362e-07,1.482734879937481e-08,0.9998695564992125,4.112132460056668e-06,0.00012546088460844496
year,316,3.4279283611632652e-09,9.596968758359914e-08,0.9906305669935406,1.2813602466100963e-08,0.009369320795240946
child,317,0.008286190560715377,0.9504345871567486,6.167405079889692e-07,0.031162151638957702,0.010116453903070399
life,318,0.00023741366898189816,0.9832058890001895,3.7038485484398404e-07,0.0010638408262322971,0.01549248611974169
pig,319,0.9999999155889928,4.1727716562399855e-10,7.738636388642229e-08,6.600450021175506e-09,6.916124900239163e-12
animal,320,2.10656684901463e-09,1.133709741070456e-10,1.5868654279853832e-09,0.9999999961895042,3.692621928970426e-12
knife,321,0.9795355520015422,0.0011579469177056916,0.019300867221463486,1.2180278183075269e-08,5.621679010468788e-06
end,322,0.000390195706297963,2.565012303715716e-08,0.9954751735240338,0.00033137036611615816,0.003803234753428863
porker,323,2.8762715698620747e-08,0.00022493884083708507,0.02825675354777889,0.9715174340160566,8.448326117096754e-07
front,324,8.679642339046025e-05,0.9956687633481663,2.5975110265253532e-06,5.3467867230431607e-05,0.0041883748501863145
life,325,8.342903779785628e-05,0.9909341615398382,2.043613433101242e-07,1.9820803088299407e-05,0.008962384257932332
block,326,0.00032193762958921334,3.904634664361388e-09,0.9978532923506664,0.0017451568837314718,7.960923137823153e-05
year,327,1.0276372620046663e-08,0.9933851488510514,1.1770030451191654e-08,1.5295560779627853e-07,0.006614676146937665
horror,328,0.00013575068434270904,6.592650757580502e-08,0.9788653569648209,0.01986669042187939,0.001132136002449385
sheep,329,0.9999999265661615,6.423846412853862e-10,5.577750061489482e-09,6.720826975604886e-08,5.43404966254069e-12
horse,330,0.999830343083054,7.697946229876863e-06,0.0001618058006854107,7.612758383689496e-08,7.704244692750977e-08
dog,331,5.760449809217005e-10,4.098316463834391e-07,1.2734752087949031e-05,0.9999868532381472,1.6020735337443894e-09
fate,332,2.8736486652452674e-09,0.9956028526123766,9.530399524719922e-09,7.2234536451338936e-09,0.0043971277601215514
you,333,1.0527520541544251e-07,3.647627702836633e-08,0.9997956698568693,9.26563957134331e-08,0.00020409573525254253
boxer,334,3.2913982381739933e-07,0.9998711211440945,3.8333578971583467e-08,3.82881754969853e-07,0.00012812850074775698
day,335,1.6144094273368363e-07,7.76707309775361e-06,0.9736605269813482,2.9270731871442e-07,0.026331251797292624
muscle,336,0.00190495199095945,3.029596532333023e-07,0.9935423131900447,0.004531785249358345,2.064660998422703e-05
yours,337,5.0222444266157195e-09,0.9998516279552164,1.0876772662968804e-08,1.2569770498217241e-08,0.00014834357599593012
power,338,2.958482346424628e-07,8.41696744459909e-08,0.9986552348822473,2.890845728402018e-06,0.0013414942541152412
jones,339,4.520529540725888e-05,0.9688274399211225,2.2558315709586904e-07,0.0008157169340256103,0.030311412266287457
knacker,340,0.9769272033924952,0.0002551316864343978,0.022804117891654964,1.3855374991265317e-07,1.340847566558401e-05
throat,341,1.0111961448610182e-11,0.0002386633446044713,0.05386336137808783,0.945894899714078,3.0755531177442954e-06
