token,id,G1,G2,G3
chapter,1,0.014373317275160108,0.96717249672387,0.01845418600096997
i,2,0.01451662690365769,0.9668957548726345,0.018587618223707775
dorothy,3,0.014767969711588653,0.9663563703766842,0.018875659911727266
midst,4,0.015193245296893459,0.9655787094620134,0.019228045241093124
kansa,5,0.016420572263944975,0.9634190405150234,0.020160387221031764
prairie,6,0.019025483687778223,0.9588428732513172,0.02213164306090444
uncle,7,0.02576408456469365,0.9477368466151441,0.026499068820162244
henry,8,0.04146495241756075,0.9242219224637193,0.03431312511871991
farmer,9,0.08431320936278386,0.8667716372426116,0.04891515339460444
aunt,10,0.20217465242075155,0.7274053378953562,0.07042000968389237
em,11,0.44187419634122915,0.47568353963668125,0.0824422640220896
farmer,12,0.7075820128031192,0.22404755353943223,0.06837043365744856
wife,13,0.8613877003965119,0.09302017580391798,0.04559212379957017
house,14,0.9239655196404782,0.045349515848152736,0.0306849645113689
lumber,15,0.9498076929168633,0.027505021748428404,0.022687285334708287
wagon,16,0.961190204792035,0.02013884117315039,0.018670954034814627
mile,17,0.9660677715018305,0.017131693840237508,0.016800534657931923
wall,18,0.9684190784071767,0.015775946347644388,0.015804975245178907
floor,19,0.9694762563056667,0.015122208713340198,0.015401534980993076
roof,20,0.9699236033516851,0.014889749539553758,0.015186647108761
room,21,0.9702089707258842,0.014705628803759314,0.015085400470356582
room,22,0.9703122177665802,0.014650510936653696,0.015037271296766196
cooking,23,0.9704537894999854,0.014593434160997395,0.014952776339017093
stove,24,0.9704347327562859,0.014628172225798654,0.014937095017915642
cupboard,25,0.9706018196290762,0.014502591865749054,0.014895588505174624
dish,26,0.9704113395917978,0.014615517284803911,0.014973143123398449
table,27,0.9704227092864648,0.01461010261566564,0.014967188097869498
chair,28,0.9706628696576629,0.0144908284483437,0.014846301893993266
bed,29,0.9705221913785821,0.014561884615017244,0.014915924006400537
uncle,30,0.9706580496240258,0.014470471299400035,0.014871479076574228
henry,31,0.9705458103585916,0.014562574416040669,0.014891615225367773
aunt,32,0.9706667859628554,0.014437711226263373,0.014895502810881386
em,33,0.9705400749967357,0.014560312186246423,0.014899612817017972
bed,34,0.9705114229745825,0.014567650851000438,0.014920926174416947
corner,35,0.9703584218783396,0.014691683592404197,0.01494989452925624
dorothy,36,0.9704829450100728,0.014546338291781293,0.01497071669814593
bed,37,0.9704972254645634,0.014575195001488362,0.014927579533948208
corner,38,0.9703456361050906,0.014698515779708664,0.014955848115200693
garret,39,0.970414517125481,0.014616739075679721,0.014968743798839144
cellar,40,0.9703354238006564,0.01464055698015783,0.015024019219185634
hole,41,0.9704308199670533,0.014648666883285637,0.014920513149661125
ground,42,0.9703189545180183,0.014713294759836706,0.014967750722145031
cyclone,43,0.9702807734860455,0.014732939164195569,0.014986287349758959
cellar,44,0.9701657770379379,0.014730295397167945,0.015103927564894192
family,45,0.970040742938808,0.014804206959468241,0.015155050101723772
case,46,0.9696817580131637,0.015032387549552691,0.015285854437283633
whirlwind,47,0.9686190764624116,0.01565280941318997,0.015728114124398458
building,48,0.9659464063031434,0.01717938083476889,0.016874212862087574
path,49,0.960966001655643,0.020330749502705966,0.018703248841650925
trap,50,0.950275230833322,0.027263197012744364,0.022461572153933563
door,51,0.9240472355649642,0.04532505100196286,0.030627713433072967
middle,52,0.8590801954072302,0.09509229637854721,0.045827508214222656
floor,53,0.7053254918026347,0.22596629223478398,0.06870821596258136
ladder,54,0.4396714618409996,0.478207585821235,0.08212095233776545
hole,55,0.19902237366905545,0.731393290134324,0.06958433619662051
dorothy,56,0.08399548628567266,0.8670198177753419,0.048984695938985356
doorway,57,0.04120465388966004,0.92455445967726,0.034240886433079945
nothing,58,0.025517006827707342,0.9480823472904478,0.026400645881844854
prairie,59,0.018989693164835453,0.9589075238804032,0.022102782954761223
side,60,0.0163277331039658,0.9635259926924146,0.020146274203619714
tree,61,0.015203764267170888,0.9656730506699126,0.019123185062916513
house,62,0.014634666423682332,0.9666137239355068,0.018751609640810803
sweep,63,0.01439086611692978,0.96726028134028,0.018348852542790124
country,64,0.014225910038974212,0.9674306458338499,0.01834344412717588
edge,65,0.014197460000044133,0.9675692052449204,0.018233334755035444
sky,66,0.014204859124981862,0.9675606634058894,0.018234477469128745
direction,67,0.014173331878218558,0.9676364486155398,0.018190219506241733
sun,68,0.014178635819582288,0.9676127334195129,0.01820863076090489
land,69,0.014120677773906139,0.9676672206936765,0.018212101532417407
mass,70,0.014250535285314917,0.9674287368916371,0.01832072782304789
crack,71,0.014219191979378635,0.9675704029575509,0.018210405063070437
grass,72,0.014207928912300409,0.9676268470342761,0.01816522405342343
sun,73,0.014180455325384542,0.9676112585600835,0.018208286114531937
top,74,0.014213039135333706,0.9675637371401958,0.01822322372447057
blade,75,0.014275682823606285,0.9675245607561862,0.018199756420207457
color,76,0.014270542289064134,0.9674081642258161,0.018321293485119756
house,77,0.014216989137931301,0.9674586055556322,0.01832440530643639
sun,78,0.014195196507582492,0.9675733337163606,0.018231469776056913
paint,79,0.01427995025304062,0.9674325980047344,0.018287451742225055
rain,80,0.014254503675630395,0.9674793676591769,0.01826612866519268
house,81,0.014327700719877655,0.9671680356557432,0.01850426362437913
everything,82,0.014519734291025505,0.9667300001295023,0.018750265579472354
aunt,83,0.01492202983576903,0.9657400890868292,0.01933788107740169
em,84,0.015336128645578598,0.9644308931922502,0.020232978162171202
wife,85,0.01657388766447986,0.9606864010600017,0.02273971127551841
sun,86,0.018446192301030742,0.9539908325321478,0.027562975166821463
wind,87,0.022611805192369983,0.9379375426900309,0.03945065211759921
sparkle,88,0.0309253694493194,0.8993494092579848,0.06972522129269591
eye,89,0.04422871311371541,0.8078344130777113,0.14793687380857326
red,90,0.05868047688021973,0.6150173623222149,0.3263021607975652
cheek,91,0.06013452675707737,0.34854599569161027,0.5913194775513124
lip,92,0.046336853767640254,0.15885758129840044,0.7948055649339594
dorothy,93,0.032725080642302916,0.07448565228352226,0.8927892670741748
orphan,94,0.024897109052329978,0.04250026931747145,0.9326026216301985
aunt,95,0.021234921888810786,0.030173523577983564,0.9485915545332058
em,96,0.02085576707765561,0.026300874256535142,0.9528433586658092
child,97,0.024066728339252046,0.026549267363480615,0.9493840042972673
laughter,98,0.03393343546552745,0.031151901133170852,0.9349146634013017
hand,99,0.060534189762233695,0.0413658564512352,0.8980999537865311
heart,100,0.13318135492906924,0.059136215615815974,0.8076824294551147
dorothy,101,0.3112160125968513,0.07741003307301095,0.6113739543301377
voice,102,0.5864698514813911,0.07632044423600412,0.33720970428260477
ear,103,0.7968301121398077,0.05552288649277873,0.14764700136741365
girl,104,0.8953968787758402,0.03710236655169886,0.0675007546724609
wonder,105,0.9337138839066595,0.02737971725695445,0.038906398836385934
anything,106,0.9466264604763389,0.023514573076891573,0.029858966446769587
uncle,107,0.9464866183927508,0.023497433141331462,0.030015948465917725
henry,108,0.9319388882203116,0.027962733335001027,0.0400983784446873
morning,109,0.8904039149735316,0.03850329786949069,0.07109278715697781
night,110,0.7862193413892281,0.057192390585583855,0.15658826802518813
joy,111,0.5674260627482581,0.07731417652868679,0.3552597607230551
beard,112,0.29531096397697254,0.0763715845305904,0.628317451492437
boot,113,0.12407883745028334,0.05693704499086516,0.8189841175588515
toto,114,0.05616949246708192,0.03912453003599766,0.9047059774969205
dorothy,115,0.03130941127146286,0.028839457065221036,0.939851131663316
surroundings,116,0.0215677378428448,0.023659551260989842,0.9547727108961653
toto,117,0.01768966961199298,0.02072324982205156,0.9615870805659555
dog,118,0.01602365657052756,0.019444267288273507,0.9645320761411988
hair,119,0.015194480681005495,0.018730377647678834,0.9660751416713157
eye,120,0.014787751860053825,0.018451470700996918,0.9667607774389493
side,121,0.014596113750465801,0.01840619617920324,0.9669976900703309
nose,122,0.01463312914485343,0.018297118198055413,0.9670697526570912
toto,123,0.014576935549673167,0.018212195222224083,0.9672108692281027
day,124,0.014621948667969207,0.01841720883388979,0.966960842498141
dorothy,125,0.014800102687678191,0.018639116101897772,0.9665607812104241
to,126,0.01518390705680569,0.01950713297982943,0.9653089599633649
day,127,0.015961542622202098,0.021018856083794106,0.9630196012940038
uncle,128,0.017648649170493524,0.024428232396086373,0.9579231184334202
henry,129,0.020752145364355577,0.032524284901832505,0.9467235697338119
door,130,0.026693346739247066,0.05166138602657468,0.9216452672341782
step,131,0.037629210657552724,0.10145407624759889,0.8609167130948484
sky,132,0.052636735266347386,0.22754215723395205,0.7198211074997006
dorothy,133,0.06177013422102062,0.46334146928095604,0.47488839649802334
door,134,0.0529560302380913,0.7138347389998266,0.23320923076208205
toto,135,0.03771888421521811,0.8576574760668496,0.10462363971793233
arm,136,0.026719877611069427,0.9204422495170413,0.05283787287188919
sky,137,0.020462391124499938,0.9465929069117527,0.032944701963747325
aunt,138,0.017580087348139463,0.95735085859229,0.025069054059570578
em,139,0.015837170886954535,0.9628869742555972,0.02127585485744839
dish,140,0.014989012538816559,0.965334096427601,0.019676891033582406
north,141,0.014444495288799628,0.966820415741908,0.01873508896929235
wail,142,0.014538397735319435,0.9669156161893128,0.018545986075367765
wind,143,0.014268684116624653,0.9673715803223465,0.018359735561028764
uncle,144,0.014507572505390408,0.9669189118018878,0.018573515692721764
henry,145,0.014492088015242465,0.9668915905609967,0.018616321423760917
dorothy,146,0.014706127027448435,0.9662130807741084,0.01908079219844311
grass,147,0.01500392423087068,0.9653795332263359,0.019616542542793478
wave,148,0.01586650539343754,0.9627070114054407,0.02142648320112175
storm,149,0.017504671580038267,0.9572216466538733,0.02527368176608836
whistling,150,0.020957587782503624,0.9449245359845145,0.03411787623298186
air,151,0.027244067843470027,0.9172744260473561,0.0554815061091739
south,152,0.038441678733648066,0.8496173874940242,0.11194093377232779
eye,153,0.054407986233533434,0.692910125324721,0.2526818884417456
way,154,0.06136851686095428,0.4374899624508527,0.5011415206881931
ripple,155,0.05116181488016548,0.20978987398951487,0.7390483111303197
grass,156,0.03618513212268928,0.09441602538853004,0.8693988424887807
direction,157,0.02587174105554099,0.049137889820777915,0.9249903691236812
uncle,158,0.020350447051149814,0.03119930429614762,0.9484502486527026
henry,159,0.0173993577776315,0.024041822119660758,0.9585588201027078
cyclone,160,0.01587641568131658,0.02091783632212937,0.963205747996554
wife,161,0.015193398707196349,0.019174812267166278,0.9656317890256374
stock,162,0.01472760018929372,0.01870884090980161,0.9665635589009047
shed,163,0.014579126614224086,0.018374832596745397,0.9670460407890304
cow,164,0.014611653917599181,0.018238959630832673,0.9671493864515682
horse,165,0.014579200827645307,0.018203821401682942,0.9672169777706717
aunt,166,0.01453383402716506,0.018028491355284764,0.9674376746175501
em,167,0.014520125414178646,0.01816177411866076,0.9673181004671606
work,168,0.014468843484813487,0.018137268454082988,0.9673938880611035
door,169,0.014475520844734963,0.018124058373070916,0.9674004207821941
glance,170,0.014558455394956088,0.018160964154606375,0.9672805804504376
danger,171,0.01455867249090823,0.018212445353794175,0.9672288821552976
hand,172,0.014566144880170318,0.018161689322236583,0.9672721657975931
dorothy,173,0.01445046992585474,0.0180469662716476,0.9675025638024977
cellar,174,0.014403428884281881,0.018094750165665828,0.9675018209500523
toto,175,0.014472024456147838,0.01805651156287058,0.9674714639809816
dorothy,176,0.014448811187755798,0.018043848711503743,0.9675073401007405
arm,177,0.014544633073061319,0.018177758812060726,0.967277608114878
bed,178,0.014493940814201777,0.018131514952959896,0.9673745442328383
girl,179,0.014550308996570218,0.01804205590912557,0.9674076350943043
aunt,180,0.014520305782316433,0.018006726279557714,0.9674729679381258
em,181,0.014515388775507574,0.01815388646980969,0.9673307247546827
trap,182,0.014601691573300137,0.01826636343110126,0.9671319449955986
door,183,0.014474973881516334,0.018124821271287162,0.9674002048471965
floor,184,0.014427806356692871,0.018128680569373348,0.9674435130739337
ladder,185,0.014552265520671046,0.01822842147371954,0.9672193130056094
hole,186,0.014509627662998612,0.01823180853374691,0.9672585638032545
dorothy,187,0.014450563956172231,0.018048101557497667,0.9675013344863301
toto,188,0.014473428139684877,0.018058994878626413,0.9674675769816887
aunt,189,0.014514773638309966,0.01800262020756421,0.9674826061541257
way,190,0.014453435647475456,0.018194727213043813,0.9673518371394807
room,191,0.014425677729860906,0.018092980424031676,0.9674813418461073
shriek,192,0.014605372586121114,0.01809005968435378,0.9673045677295251
wind,193,0.014461353664263706,0.01828678338734999,0.9672518629483863
house,194,0.014413821363091757,0.018143207027201437,0.9674429716097068
footing,195,0.014470419157071942,0.018198388151267654,0.9673311926916603
floor,196,0.014422488957736727,0.018125178685760416,0.967452332356503
thing,197,0.014527384148382675,0.018088862552407436,0.9673837532992098
house,198,0.01441392646411738,0.018144180171993502,0.9674418933638892
time,199,0.014444883303783214,0.01815512992074298,0.9673999867754738
air,200,0.01453116907254398,0.018374713022860485,0.9670941179045955
dorothy,201,0.01445409899309182,0.01806162233075206,0.9674842786761562
balloon,202,0.014523908039483438,0.018231363960442306,0.9672447280000743
north,203,0.014443220189577635,0.018354616313480468,0.9672021634969419
south,204,0.014383891297143805,0.018301058037955245,0.967315050664901
wind,205,0.014463440512442437,0.018300631729425372,0.9672359277581322
house,206,0.014418449311861793,0.018159482247506766,0.9674220684406314
center,207,0.014348758410024875,0.01817566278276116,0.9674755788072139
cyclone,208,0.014498604064056845,0.018301503168346632,0.9671998927675965
middle,209,0.014502388187576733,0.018324020824103036,0.9671735909883202
cyclone,210,0.014592952183721593,0.0184534558777599,0.9669535919385186
air,211,0.014779730387396708,0.01879475474748971,0.9664255148651135
pressure,212,0.015042141070763206,0.019181148438717883,0.9657767104905189
wind,213,0.01553491767007098,0.02029135635333153,0.9641737259765975
side,214,0.016650325905503482,0.022636149335131264,0.9607135247593652
house,215,0.01885616928850746,0.027856037585780702,0.9532877931257118
top,216,0.02335313877289512,0.04055488980549496,0.9360919714216099
cyclone,217,0.0315809934071675,0.07215225144525628,0.8962667551475763
mile,218,0.04499845415162577,0.15382218158247166,0.8011793642659025
mile,219,0.059036476689223356,0.3399866299413899,0.6009768933693868
feather,220,0.05901786184698681,0.6058570036487013,0.33512513450431203
wind,221,0.04428344793283095,0.8047648729946285,0.15095167907254056
dorothy,222,0.031193590500396256,0.8972026872844046,0.07160372221519908
whirl,223,0.022975791613465343,0.9369541887665795,0.0400700196199551
time,224,0.018592964761782283,0.9534760963198842,0.027930938918333606
house,225,0.016364184787009087,0.9609826328372311,0.022653182375759896
baby,226,0.015475852522824223,0.964168285519673,0.02035586195750276
cradle,227,0.014786781417570794,0.9660905088749854,0.01912270970744385
toto,228,0.014585549539123563,0.9665952457411885,0.018819204719687923
room,229,0.014392030254871463,0.9670320368770805,0.018575932868048033
dorothy,230,0.014398893431607983,0.9670685219764517,0.018532584591940373
floor,231,0.014304355952972319,0.9672563675333093,0.018439276513718336
toto,232,0.014422460581820432,0.9670440360626603,0.01853350335551918
trap,233,0.014456361899005638,0.967100556952064,0.0184430811489304
door,234,0.014594525155225272,0.9665437173668614,0.018861757477913278
girl,235,0.015056718902541235,0.9653969466760026,0.019546334421456205
ear,236,0.015635444229450495,0.9635638004193571,0.020800755351192503
hole,237,0.016887055260887678,0.9594630675887271,0.023649877150385235
pressure,238,0.019563055722823918,0.9501403687442799,0.030296575532896265
air,239,0.024673625842181624,0.929362776943306,0.04596359721451228
hole,240,0.03445343104822287,0.8786551199651559,0.08689144898662124
toto,241,0.04951550813485144,0.7579572084886587,0.19252728337648986
ear,242,0.061701768038701865,0.5305890467527373,0.40770918520856086
room,243,0.05667548815120025,0.2761208037948044,0.6672037080539953
trap,244,0.04241827025309893,0.125883478171979,0.831698251574922
door,245,0.03061860899416779,0.06266623535423202,0.9067151556516001
accident,246,0.02487452852036173,0.039259084667357474,0.9358663868122808
hour,247,0.02335569696121439,0.03089832096268903,0.9457459820760965
hour,248,0.026695431411561173,0.029806417058391318,0.9434981515300475
dorothy,249,0.038301745195511605,0.03404571579673795,0.9276525390077505
fright,250,0.07111300647453642,0.045211876402676834,0.8836751171227868
wind,251,0.15975076750576878,0.06428842848454042,0.7759608040096908
piece,252,0.36570060673744453,0.07983981248674234,0.5544595807758131
house,253,0.6407100999564346,0.07283102157624498,0.2864588784673203
hour,254,0.8282642896819932,0.05037976417118947,0.12135594614681725
nothing,255,0.9114809631702987,0.033080453558333105,0.05543858327136829
future,256,0.9448580597324595,0.023765887241383583,0.03137605302615696
swaying,257,0.9589218124219494,0.01910847130655088,0.02196971627149961
floor,258,0.9650659756409086,0.016787934587002742,0.01814608977208883
bed,259,0.9680735063750324,0.01559808673642088,0.016328406888546716
toto,260,0.9693875689892643,0.01502603050079437,0.015586400509941298
spite,261,0.969940712657851,0.014836526399204806,0.015222760942944204
swaying,262,0.9700447635365322,0.014824958645238612,0.015130277818229142
house,263,0.9697900949015488,0.014902194819888546,0.015307710278562627
wailing,264,0.9695771384383153,0.015001659230579554,0.01542120233110515
wind,265,0.9681141962955476,0.015663461647641243,0.016222342056811178
dorothy,266,0.9656990508249826,0.01649359106310448,0.017807358111912926
eye,267,0.9600522457072889,0.018639283918797104,0.02130847037391402
chapter,268,0.94725501181168,0.02299306197173449,0.029751926216585466
shock,269,0.9177187308646799,0.03144158614058365,0.05083968299473649
dorothy,270,0.8432755604346969,0.047345292309288176,0.10937914725601502
bed,271,0.6709789968398315,0.06973805066469817,0.2592829524954703
jar,272,0.39674687405055487,0.07968385762725051,0.5235692683221946
breath,273,0.17623502681700104,0.0650316434537655,0.7587333297292334
toto,274,0.07467430865279119,0.04485907257195587,0.8804666187752529
nose,275,0.03830029944840281,0.03221600799422724,0.92948369255737
face,276,0.02450790693649357,0.02525037082412968,0.9502417222393768
dorothy,277,0.018811018762387426,0.021525779396675965,0.9596632018409366
house,278,0.016348062083309862,0.019841035981361294,0.9638109019353288
sunshine,279,0.015294844791776528,0.019069946905879175,0.9656352083023444
window,280,0.01485593780792864,0.0185430233472834,0.966601038844788
room,281,0.014595377050842708,0.018274481940699246,0.967130141008458
bed,282,0.014568531832807406,0.018218662359975407,0.9672128058072171
toto,283,0.014509568136803978,0.018101143497113673,0.9673892883660823
heel,284,0.014557470823503013,0.018191486439403305,0.9672510427370937
door,285,0.01448082198573633,0.01812906383498165,0.967390114179282
girl,286,0.01455591863738875,0.018050777207762835,0.9673933041548485
cry,287,0.01456877187012298,0.018210580294976905,0.9672206478349001
amazement,288,0.014542934772217063,0.018125621796424553,0.9673314434313584
eye,289,0.014499080886350922,0.01815489166462274,0.9673460274490263
sight,290,0.014525895689229263,0.01819678621216782,0.967277318098603
cyclone,291,0.01449000149699495,0.01828060194209685,0.9672293965609081
house,292,0.0144469248686702,0.01819622177127835,0.9673568533600515
cyclone,293,0.014540303383757074,0.018364027349530056,0.9670956692667129
midst,294,0.014587543729275131,0.018418206479237007,0.966994249791488
country,295,0.014700893209345861,0.018724004230905256,0.9665751025597489
beauty,296,0.015112719360593357,0.019299360512106515,0.9655879201273002
patch,297,0.015852215562261334,0.020743455093882177,0.9634043293438564
sward,298,0.017218426220070266,0.023835439507692964,0.9589461342722368
tree,299,0.02005985357125042,0.03073583970546605,0.9492043067232835
fruit,300,0.025315622076813905,0.04703476241498548,0.9276496155082006
bank,301,0.035103204830800705,0.08922008917294612,0.8756767059962532
flower,302,0.0501222539064421,0.19673164611209493,0.753146099981463
hand,303,0.06171142279686158,0.41685566900819016,0.5214329081949483
bird,304,0.05558113177414819,0.6773742934792376,0.26704457474661414
plumage,305,0.039981306827610474,0.8403040206804665,0.11971467249192294
tree,306,0.02811243056855669,0.9134565735985349,0.05843099583290826
bush,307,0.021368975569685866,0.9434142194805362,0.0352168049497781
way,308,0.017751243113821372,0.9564248540415312,0.025823902844647362
brook,309,0.015946921473852804,0.9624299079499933,0.021623170576153865
bank,310,0.015106836249994435,0.9649821903044096,0.01991097344559601
voice,311,0.014941552617714042,0.9657061096259543,0.019352337756331633
girl,312,0.015046479672727714,0.9654597497846266,0.019493770542645734
prairie,313,0.015123104682414627,0.964924354537771,0.019952540779814305
sight,314,0.016183541701840345,0.9618094789173679,0.02200697938079173
group,315,0.018112381485004464,0.9554328266518204,0.026454791863175144
people,316,0.021843355312434205,0.9412356506334065,0.0369209940541593
folk,317,0.028944927568295347,0.9090662849584511,0.06198878747325361
fact,318,0.04142914452153453,0.830178832034055,0.12839202344441059
dorothy,319,0.05675964233808723,0.6549122940940848,0.28832806356782803
child,320,0.06120479662549598,0.3915495009094996,0.5472457024650045
age,321,0.04847823740660854,0.18237649537247047,0.769145267220921
look,322,0.034087568037032764,0.0831347711627059,0.8827776608002613
year,323,0.0246449456802,0.044548771379946527,0.9308062829398533
men,324,0.01967595162632256,0.029600475846579228,0.9507235725270982
woman,325,0.017140706730720864,0.0231664244887208,0.9596928687805583
hat,326,0.01572511467054229,0.020400370736878472,0.9638745145925792
point,327,0.015047803141234639,0.019335453432990448,0.9656167434257749
foot,328,0.014802730084211528,0.01868288434495567,0.9665143855708328
head,329,0.01467637264671136,0.01842088643214595,0.9669027409211426
bell,330,0.014582833672503147,0.018358692071398102,0.9670584742560987
brim,331,0.01452698306390146,0.018242021297099474,0.9672309956389991
hat,332,0.014491460636847796,0.018099582887645363,0.9674089564755068
men,333,0.014506694697146669,0.01812171186383203,0.9673715934390213
woman,334,0.014566691939153407,0.018047281092440946,0.9673860269684057
hat,335,0.014477589700239681,0.018076198075161493,0.9674462122245988
gown,336,0.014478281504673646,0.01806653101094819,0.9674551874843781
plait,337,0.014571083896707153,0.018084375273706092,0.9673445408295868
shoulder,338,0.014524979526384037,0.018194153484591614,0.9672808669890244
star,339,0.014503061371365401,0.01823861365996749,0.9672583249686671
sun,340,0.014471054624496807,0.01825330481375312,0.9672756405617501
diamond,341,0.014533415823095582,0.018263125304559015,0.9672034588723454
men,342,0.014503325580285402,0.018122981018535777,0.9673736934011787
shade,343,0.014484204249871674,0.018224151974719542,0.9672916437754088
hat,344,0.014477780237071872,0.01808365623006245,0.9674385635328656
boot,345,0.014449149869407941,0.01818667937273997,0.9673641707578521
roll,346,0.014526704216878572,0.01818949760084467,0.9672837981822768
top,347,0.014490060913240909,0.018233924089730905,0.9672760149970282
men,348,0.014504823746966468,0.018120546158694344,0.9673746300943392
dorothy,349,0.014462627374620451,0.018061452039254362,0.9674759205861252
uncle,350,0.014561789318546826,0.018100446639410767,0.9673377640420424
henry,351,0.014566858103060708,0.01821936840065102,0.9672137734962882
beard,352,0.014653828875159461,0.018261061886549836,0.9670851092382907
woman,353,0.01480752656153625,0.018293766869571928,0.9668987065688919
face,354,0.015060877127826616,0.018703340663999122,0.9662357822081743
wrinkle,355,0.015674534510413406,0.01925395162745918,0.9650715138621274
hair,356,0.017263123028806362,0.02038248926712987,0.9623543877040638
people,357,0.02051412660202354,0.022707944476608122,0.9567779289213684
house,358,0.02846304043882312,0.027503244263978058,0.9440337152971987
dorothy,359,0.04881781661438765,0.03637023589787173,0.9148119474877405
doorway,360,0.10457303226431797,0.05255708960652486,0.8428698781291571
woman,361,0.25145855570970777,0.07246021401958279,0.6760812302707093
dorothy,362,0.5141287007446533,0.07850505885711759,0.4073662403982291
bow,363,0.7584072623474515,0.06052220736355671,0.18107053028899178
voice,364,0.8829465041444206,0.03962272605687394,0.07743076979870543
sorceress,365,0.933457986668295,0.027049982453284046,0.03949203087842081
land,366,0.9535765760223919,0.020993908077097678,0.025429515900510322
munchkins,367,0.9628694255979597,0.01754272700482582,0.01958784739721444
witch,368,0.9671282551877798,0.01597713245293215,0.01689461235928813
east,369,0.9686624186225423,0.015459882574829763,0.01587769880262787
people,370,0.9696831781276514,0.014909224861889551,0.01540759701045919
bondage,371,0.9702121201899357,0.014662078547139079,0.015125801262925263
dorothy,372,0.9701768735617344,0.014696861128164675,0.015126265310100912
speech,373,0.970021144258765,0.014830264127083864,0.015148591614151307
wonder,374,0.9697669650620615,0.014974194544569806,0.015258840393368694
woman,375,0.9688329775214347,0.015484471831477577,0.01568255064708778
sorceress,376,0.9664729918126556,0.016877862015395918,0.01664914617194845
witch,377,0.9614895932629698,0.01995820505330717,0.01855220168372297
east,378,0.9499648649241694,0.027441971308472795,0.02259316376735784
dorothy,379,0.9246967488437855,0.04479498519082152,0.03050826596539299
girl,380,0.862046734123359,0.09262177126021542,0.045331494616425536
cyclone,381,0.7075957237562929,0.22425055408615652,0.06815372215755075
mile,382,0.44136860637239556,0.476040449115468,0.08259094451213633
home,383,0.20051804646024124,0.7292857124446771,0.07019624109508163
anything,384,0.08465287582808353,0.866276413982349,0.049070710189567525
life,385,0.04160664165157719,0.9239331422005246,0.03446021614789829
woman,386,0.025924946633823897,0.9474736855309118,0.02660136783526437
dorothy,387,0.019312218629643097,0.9582010874215563,0.022486693948800693
hesitation,388,0.016620730783881894,0.9631113357735872,0.020267933442530906
mistake,389,0.015338940512094038,0.9653922835998395,0.019268775888066518
anything,390,0.014748089683469086,0.9664405950805856,0.018811315235945376
house,391,0.014424586984459423,0.9670244577495085,0.018550955266032107
woman,392,0.014533320986357219,0.9669410264334473,0.01852565258019546
thing,393,0.014417669630058989,0.967152649566205,0.01842968080373603
corner,394,0.0142043607166123,0.9675561646908651,0.01823947459252256
house,395,0.01422826550975535,0.9674352207044181,0.018336513785826545
toe,396,0.014383733111457256,0.9672999387784691,0.018316328110073696
block,397,0.014203283748247756,0.9675873531501221,0.01820936310163023
wood,398,0.014193788285941736,0.9676269497099785,0.018179262004079693
dorothy,399,0.01432421013046775,0.9672622363332312,0.01841355353630111
cry,400,0.014314199255293508,0.9674297335489555,0.018256067195751062
fright,401,0.014379865616641618,0.9672878840912744,0.018332250292083994
corner,402,0.014182649277806969,0.9676056291570293,0.01821172156516378
beam,403,0.014257382608747158,0.9674943376888951,0.018248279702357817
house,404,0.014220118649958235,0.9674536353104252,0.018326246039616682
foot,405,0.014275421047806236,0.9674547818107078,0.01826979714148596
shoe,406,0.014338815709747016,0.9672931529671671,0.018368031323085975
toe,407,0.014390249332566609,0.967285539141976,0.018324211525457275
dorothy,408,0.014335021638033175,0.9672370810630451,0.01842789729892169
hand,409,0.014360300833817214,0.9673265988366326,0.018313100329550264
dismay,410,0.014369371927305434,0.9672654022747158,0.01836522579797878
house,411,0.014230316460175649,0.9674295263901282,0.018340157149696047
nothing,412,0.014301673921744789,0.9673344746357521,0.01836385144250314
woman,413,0.014447203530134883,0.9671232752026077,0.018429521267257457
dorothy,414,0.014334619329790415,0.9672362503113435,0.018429130358866
witch,415,0.014335425894012481,0.9673466192469575,0.018317954859030004
east,416,0.014119934287898357,0.9677222002414848,0.018157865470616805
woman,417,0.014446875117750236,0.9671229927118198,0.018430132170429984
munchkins,418,0.014326612468677988,0.9671893656881222,0.018484021843199812
bondage,419,0.01439997453914985,0.9671558553561811,0.0184441701046691
year,420,0.014310247914762597,0.967274642013645,0.01841511007159245
slave,421,0.01428022921750956,0.9673752151444912,0.018344555637999357
night,422,0.014279557879742569,0.9674130290165242,0.018307413103733364
day,423,0.014258672194210226,0.9674061538018841,0.0183351740039056
favour,424,0.014264650884215755,0.9674625328367408,0.018272816279043577
munchkins,425,0.014318729894061598,0.9672052120454075,0.018476058060530775
dorothy,426,0.014326756655679344,0.9672499844187143,0.018423258925606253
people,427,0.014291055591723176,0.9673048292854087,0.018404115122868072
land,428,0.014132261184695016,0.967638796199502,0.01822894261580293
east,429,0.014108642214656393,0.9677465523980724,0.01814480538727117
witch,430,0.014326062709568326,0.9673672043225177,0.01830673296791404
munchkin,431,0.014374948408422435,0.9672333006468664,0.01839175094471121
dorothy,432,0.014326652710260842,0.9672546034473763,0.018418743842362806
friend,433,0.014424440916991481,0.9672107654446499,0.018364793638358592
land,434,0.014130198052607412,0.9676464528720549,0.0182233490753378
north,435,0.014088514169226189,0.9677902732671094,0.018121212563664446
witch,436,0.014318170397461088,0.9673855781391318,0.018296251463407038
east,437,0.014104210078834362,0.9677582385023904,0.018137551418775256
munchkins,438,0.014310553532697006,0.9672278526006469,0.018461593866656113
messenger,439,0.014326692756924844,0.967407965161569,0.018265342081506153
witch,440,0.014325486604331047,0.967370026900176,0.018304486495492902
north,441,0.014097033417939348,0.9677720165611872,0.018130950020873456
dorothy,442,0.014328892358753759,0.9672504466501104,0.018420660991135884
witch,443,0.014333905193493712,0.9673515161262947,0.01831457868021172
woman,444,0.014446726027028876,0.9671258360652207,0.01842743790775031
witch,445,0.014337827924205987,0.96734243480262,0.01831973727317394
people,446,0.014303337114500369,0.9672815401178577,0.018415122767641852
witch,447,0.014338565756962896,0.9673402420163616,0.018321192226675467
people,448,0.014304527090682813,0.9672788175379202,0.018416655371396928
witch,449,0.014341024825835663,0.9673350888292674,0.01832388634489681
girl,450,0.014441136828860758,0.9671192085884586,0.018439654582680747
witch,451,0.014348876656185333,0.9673151727408594,0.01833595060295528
mistake,452,0.014372740536763332,0.9672686911081886,0.01835856835504818
witch,453,0.014391011627285942,0.9672005016853452,0.01840848668736892
land,454,0.014266573550953522,0.9672826639871815,0.018450762461864927
oz,455,0.014591624017638877,0.9665338926252597,0.018874483357101336
north,456,0.014701053432468032,0.9660623626631847,0.019236583904347217
south,457,0.015355743152507517,0.9639845803344843,0.0206596765130083
witch,458,0.017012535520316938,0.959143740563698,0.02384372391598501
east,459,0.019478729057651793,0.9500374683570294,0.03048380258531874
west,460,0.02479964053845865,0.9282595343758812,0.04694082508566021
witch,461,0.03497275065998519,0.8756570001124983,0.08937024922751645
witch,462,0.04990721710789333,0.752480010167742,0.19761277272436475
land,463,0.06081505654512184,0.5211260004498659,0.4180589430050122
oz,464,0.05552200742679137,0.2652748737531675,0.679203118820041
one,465,0.040269169159435333,0.11855936327459499,0.8411714675659697
west,466,0.028289259866348934,0.058589429526563805,0.9131213106070872
dorothy,467,0.02155444953840062,0.03486942678377744,0.943576123677822
moment,468,0.018120764429260867,0.025667163241962554,0.9562120723287766
thought,469,0.016240032239649177,0.021555979025477418,0.9622039887348734
aunt,470,0.015366323118485046,0.019522474898111538,0.9651112019834035
em,471,0.01492144076647651,0.01884844328972617,0.9662301159437974
witch,472,0.014743232532881883,0.018487930599721362,0.9667688368673968
year,473,0.014562910698893494,0.01825572248702461,0.9671813668140818
year,474,0.01455756683705906,0.018246030446329674,0.9671964027166113
aunt,475,0.014704351895537458,0.018301448716220015,0.9669941993882425
em,476,0.01487980554730164,0.018769794931027907,0.9663503995216705
woman,477,0.01532802858553536,0.019394640970177204,0.9652773304442874
aunt,478,0.016093925061249223,0.020978971018442337,0.9629271039203084
kansa,479,0.017731316131631036,0.02491318708807308,0.9573554967802959
witch,480,0.02099210536517487,0.033104368473191384,0.9459035261616336
north,481,0.027017397559269938,0.0537659412606474,0.9192166611800826
time,482,0.038058381588558725,0.10532611134678693,0.8566155070646543
head,483,0.05360220052728001,0.23652118547082948,0.7098766140018905
eye,484,0.061715901410029674,0.4786204167432646,0.4596636818467058
ground,485,0.05184069547599761,0.7257502602534424,0.22240904427056019
kansa,486,0.03673547307074111,0.8637062623528224,0.09955826457643631
country,487,0.025971466088553427,0.922830474970926,0.051198058940520444
country,488,0.020145107793805912,0.9475081666083386,0.03234672559785564
dorothy,489,0.017332086599787792,0.9579379455268294,0.02472996787338267
country,490,0.015611311559119542,0.9632881828896835,0.021100505551196844
witch,491,0.015036820918381894,0.965366614444118,0.019596564637500136
wizard,492,0.014639924566563588,0.9663685774133723,0.018991498020064043
sorceress,493,0.01454060730995323,0.9668016555178214,0.018657737172225384
magician,494,0.014508954170012394,0.9669604796859346,0.018530566144053004
land,495,0.014173139418887587,0.9675369021719735,0.01828995840913889
oz,496,0.014324219245817808,0.9672704953641262,0.018405285390055863
rest,497,0.014213138298298338,0.9674622387860623,0.01832462291563942
world,498,0.014264046806526699,0.9673874800358903,0.018348473157583062
witch,499,0.014333260037936477,0.9673482530215732,0.018318486940490295
wizard,500,0.014306626592553908,0.9672803345989063,0.018413038808539853
wizard,501,0.014307653156704675,0.9672777833420042,0.01841456350129105
dorothy,502,0.014334709462579243,0.9672321864049113,0.01843310413250947
oz,503,0.01431769465152159,0.9672876614225513,0.01839464392592719
great,504,0.014200117885922441,0.9675449169019019,0.018254965212175685
wizard,505,0.014333706382720461,0.9672125811132193,0.01845371250406032
witch,506,0.014396257245056252,0.9671872105395073,0.018416532215436397
voice,507,0.014483118314160189,0.9669663548283572,0.018550526857482527
whisper,508,0.014646866067940406,0.9665611857839654,0.0187919481480941
rest,509,0.01483487400339065,0.9657065294499741,0.019458596546635183
city,510,0.01542563332965607,0.9637071147593868,0.020867251910957202
emerald,511,0.016877814274256178,0.959302772376689,0.023819413349054908
dorothy,512,0.019846286612903948,0.9490445372346838,0.031109176152412137
question,513,0.02522866617777924,0.9270792673021068,0.047692066520113846
munchkins,514,0.035102945540212316,0.8740005662982196,0.09089648816156799
shout,515,0.050186390953141445,0.7503642786869993,0.1994493303598593
corner,516,0.061114393216318876,0.5185904297524833,0.4202951770311979
house,517,0.05521942964154902,0.2640022994936063,0.6807782708648447
wicked,518,0.04022833001470506,0.1171780810335982,0.8425935889516968
witch,519,0.02843520122529489,0.0578942761270667,0.9136705226476384
woman,520,0.021688386881509588,0.03473705261350314,0.9435745605049872
foot,521,0.018062547865526208,0.02563498394922866,0.9563024681852451
witch,522,0.01628415793657963,0.021505301248267283,0.9622105408151531
nothing,523,0.01530976158533895,0.01963048191127389,0.9650597565033872
shoe,524,0.014904681459706902,0.018790695060105524,0.9663046234801875
witch,525,0.014729989461835312,0.01847360057300287,0.9667964099651618
north,526,0.014532325578181706,0.018489330487496243,0.966978343934322
sun,527,0.014509378962322572,0.01831476480366077,0.9671758562340166
end,528,0.014482662048287645,0.018191687259911066,0.9673256506918013
shoe,529,0.014511685659382267,0.018121162322929905,0.9673671520176879
shoe,530,0.014506596630333522,0.01811291382276991,0.9673804895468966
dust,531,0.014495080409645682,0.018271113542342357,0.9672338060480119
dorothy,532,0.01445332175878721,0.018054777327737637,0.9674919009134753
witch,533,0.014538028137004583,0.018160564043387385,0.967301407819608
east,534,0.01444373048295275,0.01832503572847775,0.9672312337885695
shoe,535,0.014499243662743102,0.018101879271305167,0.9673988770659517
munchkins,536,0.014400142060163552,0.017997603314573132,0.9676022546252634
charm,537,0.014533609757558612,0.01817230450691107,0.9672940857355303
dorothy,538,0.014446121787222285,0.018042697028539605,0.9675111811842381
shoe,539,0.014494664391973918,0.018094117336984322,0.9674112182710418
house,540,0.014407602643236995,0.018130758439387325,0.9674616389173757
table,541,0.014439376449283638,0.018122157651938038,0.9674384658987784
munchkins,542,0.014395569543548209,0.017989146628517715,0.9676152838279342
aunt,543,0.014510212831183788,0.0179955941196328,0.9674941930491835
uncle,544,0.01453197253758619,0.018065470333230447,0.9674025571291833
way,545,0.014450573062400718,0.018189945126985275,0.967359481810614
munchkins,546,0.014399635453152607,0.017995583302749623,0.9676047812440978
witch,547,0.014535067320791212,0.01815496665356629,0.9673099660256426
dorothy,548,0.0144512796008672,0.018052587557693647,0.9674961328414391
head,549,0.014538158694259272,0.018203465051633203,0.9672583762541075
east,550,0.014446309912437567,0.01833497527949692,0.9672187148080654
desert,551,0.014495188348827943,0.018304157512083138,0.9672006541390888
none,552,0.014430470341419288,0.018207111387290816,0.9673624182712899
south,553,0.014380999444388214,0.018297664410193835,0.9673213361454179
south,554,0.014379905564068884,0.01829541551263403,0.9673246789232971
country,555,0.014395844111987202,0.018209688900046858,0.9673944669879659
quadlings,556,0.014429636000826165,0.018119820395369975,0.9674505436038039
man,557,0.014588868255635705,0.018104295163514913,0.9673068365808494
west,558,0.014432692368959247,0.01828498994143356,0.9672823176896073
country,559,0.014397838501409205,0.018207396277036155,0.9673947652215547
winkies,560,0.014463748481106589,0.01809528205900857,0.9674409694598848
witch,561,0.014537822134995403,0.018164273068148506,0.9672979047968561
west,562,0.014435199813582026,0.018288929658023728,0.9672758705283943
slave,563,0.014466865124764328,0.018145695245458174,0.9673874396297775
way,564,0.014462139740802429,0.018215168987122027,0.9673226912720755
north,565,0.014455003633800964,0.01836540124496462,0.9671795951212344
home,566,0.014440951769345883,0.018198751554586022,0.967360296676068
lady,567,0.01457563058460215,0.018159018820392097,0.9672653505950057
edge,568,0.01461549242693756,0.018431189418027443,0.966953318155035
desert,569,0.014838059603364496,0.018648604769975437,0.96651333562666
land,570,0.01517178048595417,0.018982631839201295,0.9658455876748446
oz,571,0.016192240253630294,0.019619341006126802,0.964188418740243
dear,572,0.01844098775042216,0.021263105442556347,0.9602959068070215
