token,id,G1,G2,G3,G4,G5
be,1,0.25587423929738823,0.046731434982483534,0.002830201589451574,0.0007632719168864685,0.6938008522137902
see,2,1.0030259370209087e-13,8.550795824442458e-10,0.9999999980180597,1.163724663547427e-13,1.1266441449880924e-09
be,3,0.19346400516692908,0.03538343492558104,0.0014232612879624242,0.0005758242444987681,0.7691534743750287
press,4,8.116779073114226e-07,6.247988907967717e-06,0.9999919792646278,9.541931244601049e-07,6.875432514866233e-09
find,5,0.00023407237264559257,0.0013247638071578372,1.1111265022704349e-07,0.00017499375205390534,0.9982660589554926
laugh,6,4.684405532950471e-06,5.407040861401959e-05,6.368647614254454e-08,4.061832440805248e-06,0.9999371196669361
know,7,2.1811737942880174e-05,0.0003686125754078459,0.9995876252015713,2.173043199024352e-05,2.200530877637212e-07
laugh,8,6.697409982935483e-06,7.755515722146375e-05,0.9999097275655059,5.821103434455665e-06,1.9876385528941694e-07
see,9,8.761485634974422e-13,7.499013851486622e-09,5.2114212231437076e-08,1.015920145477662e-12,0.9999999403848819
saw,10,2.73769498840814e-05,0.0013604634818346502,0.9985008362310268,0.00011124837326392807,7.496399039657893e-08
look,11,6.1199623760009294e-09,0.00013672230802172391,2.6192536282123063e-08,3.288524856765356e-09,0.9998632420909547
run,12,3.136951523284281e-06,4.256913808330828e-05,3.324523543795832e-08,2.745389922617404e-06,0.9999515152752353
get,13,6.285165240457289e-06,0.00018608485759192617,0.9998017614260195,5.6515230151585436e-06,2.170281329870823e-07
follow,14,0.01634125997474518,0.19197429292441193,0.7579281093552402,0.033755705751295786,6.319943067292457e-07
felt,15,0.0012903184428924562,0.012086854427994804,1.1487948965980171e-08,0.001923891640549466,0.9846989240006143
felt,16,0.004902299855722811,0.29178028945541784,0.6944373429575668,0.008879709397585605,3.5833370685053194e-07
see,17,6.783788764092465e-12,9.61334229177528e-07,8.883384923817559e-08,7.50154946773136e-12,0.9999989498176364
happen,18,2.2805168890015237e-05,0.0012298444496736847,0.9987263871388875,2.060214944448299e-05,3.610931042834727e-07
fell,19,0.0002731327186277532,2.5384265826116404e-07,0.9388489987604718,0.0008415589551869393,0.06003605572305512
saw,20,4.744484837088762e-05,0.9934871679599869,3.1523738434483705e-08,0.00019069010115920894,0.006274665566744591
fall,21,0.00010878150235372374,3.981004986946585e-08,0.9987977294973766,9.327271480669192e-05,0.0010001764754130683
happen,22,0.00017301192409946152,0.9677549557504067,3.60249538327209e-06,0.00016080842926289237,0.03190762140084767
felt,23,0.00023503490747779152,0.99924961645283,1.7108022623803536e-08,0.00040810534408262955,0.0001072261875870248
be,24,1.6812813111042355e-05,2.448005708172613e-10,0.9999829113654592,5.921298409056436e-08,2.1636364501721399e-07
fell,25,7.566414728074794e-05,0.9962798673262956,1.680221987590965e-08,0.00035502560038517335,0.0032894261238185832
wait,26,2.410056786797623e-05,2.649503691833222e-08,0.9695407080386246,6.296196517544922e-05,0.03037220293329522
see,27,7.612513681310602e-12,1.8132880526201792e-05,0.9999818648696264,8.196446461421654e-11,2.1602704988123988e-09
bring,28,3.2109370353188906e-07,0.741477302608515,2.5468468970131865e-08,1.516578266067189e-05,0.2585071850466518
fell,29,0.000512716524071784,3.2185919579302336e-07,0.110530495045197,0.8580704999205836,0.03088596665095185
have,30,0.9999943632529582,1.3472116315325366e-07,6.474326178499464e-10,5.501219931424077e-06,1.5851470160000988e-10
hurt,31,0.00028252053942765757,0.8307007025367245,0.14351661901147916,2.7847102145096736e-09,0.025500155127658318
catch,32,3.493770936245264e-10,0.9999923888911867,6.529259443717591e-10,1.9822460088125984e-06,5.627860501319001e-06
wonder,33,0.00015158873064780043,1.405413454417463e-07,0.06849815262454917,0.9074351016812647,0.02391501642219303
put,34,2.5446080259139148e-05,1.5469073747475763e-08,0.0010034568485785865,0.9981419963846556,0.0008290852174329211
saw,35,0.00011750374491798769,0.9969178045921425,0.0014088264616339604,9.767672298454011e-09,0.0015558554336331145
come,36,0.0003982079882938977,0.9963333263375619,0.0006040857558758214,4.7540251437294674e-08,0.0026643323780170267
mean,37,0.02696538242795192,0.9673029913413005,0.0025029354460077524,3.8000621846867457e-07,0.003228310778521289
answer,38,0.00011455719999936748,7.733310627222405e-10,0.0002876037411471513,0.9989482702776004,0.0006495680079221052
be,39,1.292945367122408e-06,0.024630575347453908,0.00034605986236804765,0.9747526624613412,0.0002694093834697023
have,40,0.9999987158213253,2.060336612289968e-10,1.120928898539613e-12,1.2839594788427684e-06,1.204134041384431e-11
see,41,1.2471648275520244e-07,2.9674185007834828e-05,0.9999317149179243,3.818252129884598e-05,3.03659286330354e-07
have,42,0.9999997916325268,5.200620113022975e-12,6.035493021223112e-14,2.0836096015201857e-07,1.25220260159296e-12
be,43,1.0515660613261691e-08,0.0015220649756187887,0.07936838513884818,0.918933274914575,0.00017626445529747212
saw,44,0.982744771615636,0.008631061812123048,0.0010556952916194848,9.250371090823842e-09,0.00756846203025044
love,45,3.6063257881243607e-10,0.0002335016003925589,0.00021895595575364531,0.9989739179702324,0.0005736241129887311
have,46,0.9999999949852074,8.837576635794873e-14,1.138741703417094e-15,5.014699630295918e-09,3.4869151182865846e-15
know,47,6.351735648115391e-10,0.0008508485466512836,0.0005307911950256177,0.9963897516819381,0.0022286079412112557
be,48,0.9991482533476507,5.285366906886386e-05,0.0007963579422221167,1.0846486742136287e-11,2.535030211926488e-06
have,49,1.3055526417275025e-11,2.7075266055293946e-14,2.557602986543912e-16,0.9999999999869131,4.0493608431089835e-15
think,50,2.738684419446951e-05,0.0003059991412759007,0.0008902434706253835,2.2361208034874515e-09,0.9987763683077835
know,51,0.0006464390134609596,0.0023987363621021736,0.0010720810875315572,0.9958826156573058,1.2787959941116666e-07
have,52,0.9999958780855703,1.925881913636023e-10,1.9398589381480693e-12,4.120253273791187e-06,1.4666276718080153e-09
account,53,6.24256921162863e-05,0.00032328285528855237,0.00020775059913901006,0.999406472799481,6.805397510736185e-08
believe,54,0.0015355136664810724,0.004721781221145014,0.0009372465386352883,2.9590644017492536e-08,0.9928054289830947
see,55,2.078343563154769e-08,1.863186120542318e-05,0.9997970660263293,0.00017676000171149578,7.521327318189244e-06
cut,56,0.005072481830139962,0.008460840522731937,0.002025349844237182,2.7364086429556883e-07,0.9844410541620267
have,57,0.9999996105588408,4.566979031663502e-12,6.766720621916244e-14,3.894330372930105e-07,3.487322363210971e-12
ask,58,2.749861677480371e-08,0.0002594255542820982,0.0002980012566365072,0.9992718041996301,0.00017074149083462264
laugh,59,9.720649598062459e-09,0.0006049995403198679,0.0022822982659265827,0.9930642788371083,0.004048413635995521
have,60,0.999999997079126,7.668564359994792e-14,1.0226696359451857e-15,2.9207906772237014e-09,5.50212691888921e-15
wear,61,4.2826868491807996e-10,1.5298709498370055e-06,2.663564841737854e-07,0.9999972955237422,9.078205551506894e-07
get,62,0.9837139142266549,0.0017183516003542918,0.003913572704643362,1.462134862584411e-09,0.010654160006212561
worry,63,5.3116782717942323e-11,4.062844014521212e-05,7.375251046125197e-06,0.999933659586158,1.8336669533909866e-05
help,64,0.9986208417294525,0.0009839286396230427,0.00018841463402189862,7.98231848613307e-09,0.0002068070145842329
find,65,0.9990691552262652,0.0006151401832100623,7.4460798083049e-05,2.8814598221424442e-09,0.0002412409109818755
have,66,9.99152491192327e-12,1.9734984071918075e-15,1.668202437247094e-17,0.9999999999900065,3.7000417786432624e-17
make,67,2.8191568490339602e-11,0.00011995257885901097,9.730255197094845e-06,0.9998259835132624,4.433362448992456e-05
surround,68,0.9383889020748523,0.05132804451113261,0.003300792005913878,1.323130666291953e-07,0.006982129095034607
have,69,0.9999940942222634,5.95277803805413e-11,7.594160715935592e-14,5.905717964899111e-06,1.6799726009758962e-13
sob,70,2.2194375621608592e-08,8.06952618296106e-09,1.683537151740174e-06,0.999995108873337,3.1773256094846867e-06
felt,71,0.016798954035920313,0.9826434810153977,0.00018643352819012313,1.3885427781516368e-06,0.000369742877713698
grieve,72,0.0027855178324496075,0.9830032484627321,0.0056286768084332145,1.7452180691595873e-07,0.008582382374578005
let,73,2.1057837593325763e-06,6.224473175203329e-10,1.6678450164297913e-06,0.9999902129599033,6.012788873567389e-06
read,74,0.0003559379154127526,0.9993707411286109,6.925859249561266e-05,2.6197083906427807e-08,0.00020403616639685628
help,75,3.83297142023763e-06,7.737062268111153e-09,8.340878167106863e-06,0.9999795311180402,8.28729531015064e-06
have,76,0.9996707652587362,1.0460775110376801e-06,1.6275964118274957e-11,0.00032818861671506783,3.076164993356068e-11
get,77,6.171546068195775e-06,1.8601446555205224e-08,0.0004943259118182286,0.9987853191492032,0.0007141647914637283
walk,78,0.00014148855900666263,0.9985905309457502,0.0005679205669721616,9.321177212377565e-09,0.0007000506070936441
use,79,0.02646498606648463,0.9701525895469535,0.0025055986530390546,5.754837630899635e-07,0.0008762502497598278
know,80,0.00016691078467003778,2.3950813475615453e-07,0.040185136615966704,0.9533415370578243,0.006306176033404139
keep,81,0.00013511990224947642,0.9993387164350029,8.363791721602072e-06,6.163742608431263e-06,0.0005116361284175964
look,82,1.0733185444026525e-07,2.7775023904578306e-07,0.9927540310079028,3.1812705861660296e-06,0.007242402639417603
give,83,6.144721206396916e-05,0.991457640015214,3.143281538716626e-07,0.0004535249956294048,0.008027073448938788
injure,84,7.893780554888001e-05,0.9995356414181823,3.1383801566481115e-09,0.0003298771096807378,5.554052820798582e-05
miss,85,1.0579362208263574e-05,6.986642193324936e-08,0.9990463194122909,1.6172655725232495e-05,0.0009268587033537963
get,86,1.0785298161817126e-05,2.24988218788883e-07,0.9983448704199158,1.22364123085401e-05,0.001631882881394984
be,87,0.0010176333690624902,0.9989723608897698,4.503521824617816e-07,3.2531499785831666e-06,6.3022390066711e-06
ask,88,0.00013626984084607488,6.435806691636652e-07,0.9927405878921655,0.00011593521809892532,0.0070065634682203535
help,89,3.0084678858251817e-05,0.999546403336976,1.0721197926319616e-09,4.3005628280662e-05,0.00038050528376540045
be,90,0.0007080276714776988,7.012405079985124e-08,0.9992239060858457,2.197176014424332e-06,6.579894261128725e-05
disappear,91,2.929985165677586e-05,0.9998976849765405,4.1698840942891914e-05,3.0947909991059164e-05,3.684208686426893e-07
feel,92,0.004741942089422107,1.572526746007948e-05,0.010485363717356443,0.0032936378373265938,0.9814633310884348
cut,93,9.785953028057723e-06,0.9996701326204874,0.0003060135521896059,1.4062493331765526e-05,5.3809631384716435e-09
spread,94,8.262407736267697e-05,6.945715082591394e-07,0.002047322373320879,9.553092692703856e-05,0.9977738280508812
bark,95,0.0007682213191673868,1.9111506285414227e-06,0.00145892691244764,0.0011561540472243563,0.9966147865705322
get,96,2.7776109134083196e-05,0.9894265800308635,0.010519357916060195,2.602693217658801e-05,2.5901176572044555e-07
saw,97,2.8417438354670748e-05,0.9961670996286518,0.0036903983698120812,0.00011406508043011134,1.9482751426633902e-08
help,98,0.001721350209953419,1.1950362441387272e-06,0.5599519265199847,0.0025081095875745304,0.4358174186462432
be,99,0.009252546712396557,0.9898743072620031,2.9322702151286685e-06,2.864760722270307e-05,0.0008415661481624133
show,100,0.00016724318777637472,0.998789140919299,9.246823285158343e-09,0.0001401980344158438,0.0009034086116854493
saw,101,5.555066067984006e-05,5.10274792537355e-07,0.9976737713620524,0.00027112181365272325,0.001999045888822629
wonder,102,6.1210765478008395e-06,1.4302118800243331e-08,0.9990744714038119,8.199285491832015e-06,0.0009111939320296457
be,103,0.008540996139350047,0.9913363839973394,1.174997311463611e-05,4.7089134796791536e-05,6.378075539912193e-05
take,104,0.00011672252312456833,0.9887447901030287,9.225492809687904e-08,0.0011442658840350986,0.00999412923488342
wear,105,0.016894097394532594,2.0582216602213285e-05,0.9777143472822069,0.00023114500619892482,0.005139828100459462
come,106,0.0004051837317026342,2.828577281807693e-05,0.9952653691477323,0.0034217017540456355,0.0008794595937013849
ask,107,0.0003810972829993794,0.06009484945728845,2.2253121664277306e-07,0.0005884934502604892,0.9389353372782351
get,108,6.245590062249769e-06,0.0011987667743838279,0.9987865780248739,8.387018461839767e-06,2.2592218193177886e-08
put,109,3.524699217569419e-05,0.0010507733205141947,4.6773944771870044e-08,8.85047671264678e-05,0.9988254281462389
take,110,2.5980054318621814e-05,0.001153666763622606,0.9987029817763095,0.00011730116522106042,7.024052826153677e-08
find,111,0.00021207355078129597,0.0014627782624780064,5.917278203778072e-08,0.00015942340166677382,0.9981656656122919
feel,112,0.0004158629527194115,0.002110313228609087,0.9971837232912861,0.00029006749135032585,3.303603512855858e-08
think,113,3.981619136673753e-09,0.0003525268675086548,3.8119136383214675e-08,6.936925022104646e-09,0.9996474240948108
see,114,4.061723929040714e-12,2.5872996922719915e-08,3.372405361819364e-07,4.402217003720102e-12,0.9999996368780031
raise,115,4.987131552670647e-06,0.02091315862347204,0.9790786444783655,3.0983993082998144e-06,1.1136730150760018e-07
look,116,1.425604769261641e-07,0.0006754456805734506,0.9993242781416584,5.8991751949720545e-08,7.462553913537326e-08
bow,117,0.027408741502048424,0.012080697637682528,5.63447855165002e-07,0.00965607279030435,0.9508539246221095
wonder,118,0.014986666339366184,0.0031115422463636527,2.726580467303288e-06,0.0033036775887057275,0.9785953872450972
eat,119,1.4551477454114302e-09,0.00014688471967564927,0.010511250280127681,0.9885697286709471,0.0007721348741019377
dance,120,0.9358255542124043,0.003539320136179306,0.05731857655815384,1.037266923730977e-08,0.0033165387205932634
saw,121,0.9877409482685848,0.0056755820002436334,0.0032256214633332256,1.480972093659385e-09,0.003357846786866091
be,122,5.220396268240798e-07,0.00355143432121006,0.3870286061470741,0.6093010769490705,0.0001183605430185088
wear,123,6.182416642810296e-09,6.165793629965458e-06,1.3722167251459787e-06,0.999989084308497,3.371498731170796e-06
have,124,0.9999999996565975,1.986207431034635e-14,2.7050027422985157e-16,3.433814245222695e-10,1.118403149513917e-15
have,125,3.395428628555883e-10,1.656132774365564e-14,2.0834344337175187e-16,0.9999999996604385,1.789772268356168e-15
wear,126,0.9999673343395092,6.374209303468061e-06,1.0418438056335335e-06,2.353153873534133e-10,2.5249372066310302e-05
wear,127,2.160222057071096e-10,7.883779866682744e-06,1.2701737687235557e-06,0.9998802656644029,0.00011058016593938637
know,128,0.01792355935395719,0.001097174998125281,0.0008044555110356144,0.9801747646922869,4.5444594935439256e-08
know,129,0.00851451605204489,0.002298619343731587,0.001344066712612268,1.1047704337290164e-09,0.9878427967868407
think,130,0.00012752670260088157,0.3876309116438267,0.08117356961318656,0.5310625223892812,5.469651104626245e-06
come,131,0.09511024499710781,0.09023913504980705,0.002185259171776583,3.17508277544131e-07,0.8124650432730309
know,132,0.3363046241513384,0.0311167112906551,0.013318384995860298,8.141062930138208e-08,0.6192601981515168
have,133,2.2729420155753894e-12,7.323453038853079e-15,3.20128337563847e-17,0.9999999999977194,3.015670357457704e-16
keep,134,0.9900083058443632,0.008144938389488243,0.0003977710715480408,2.455793622906175e-09,0.0014489822388070112
have,135,6.248357754251282e-10,2.681838807583943e-12,1.276236540152276e-15,0.9999999993724772,3.9941532756083165e-15
take,136,0.9965191876691492,4.343673040063447e-05,0.0006712370832353372,1.0222029977841317e-05,0.002755916487237088
reach,137,1.3228496460945246e-09,0.9893697818861752,0.0015819487620618218,0.006385197696125526,0.002663070332787844
help,138,0.9974990122444319,7.903272571892752e-07,0.0003706452936848965,0.0017307272435248084,0.0003988248911014412
get,139,0.9668835537139581,3.855139519605902e-06,0.010473976271068029,0.00047137150168261407,0.02216724337377162
turn,140,2.546795926862943e-13,0.9999973404569076,5.644178487921483e-07,1.0839504035824509e-07,1.986729948617818e-06
stop,141,0.9990232670356687,1.8642878638053265e-07,0.0003828306769516165,5.160555371538374e-05,0.0005421103048781593
rest,142,4.516458545343307e-09,0.9958197571635051,0.0020248533175366563,0.00017426115013011344,0.001981123852369599
saw,143,0.9992163594326787,5.0283775215467665e-08,0.00035316175208975094,0.00012983159746505362,0.0003005969339912801
keep,144,4.8518657874805926e-08,0.9766628346159044,0.014401217265335768,0.004391487297608863,0.004544412302492981
represent,145,5.209827513911763e-08,0.9371557856018343,0.03388946338748342,0.024195345664538865,0.004759353247868302
see,146,9.358949719810486e-06,0.0010578390239905963,1.0992170083450415e-06,1.7281369137767615e-07,0.9989315299955899
wink,147,0.9626383404931644,1.5109398596875489e-05,0.03458892708978926,0.0016691134729080617,0.0010885095455414266
have,148,0.999999991105737,4.185130356288795e-10,5.453122844328559e-13,8.474998199731083e-09,2.067394398679237e-13
thank,149,1.7743955455380111e-10,0.02617062540486893,0.00010393646722449633,0.9736466844946108,7.875345585629028e-05
get,150,0.007331642693733089,1.7023201765488385e-06,0.0152288561463318,0.9548866197426781,0.022551179097080418
take,151,0.000715726566505533,0.9962803976173906,0.0007761422260686318,4.905698746269836e-10,0.002227733099465195
be,152,0.06761030859896668,4.1161709722033093e-07,0.4593976667678593,0.47286689042998253,0.00012472258609423135
thank,153,0.003835771786457568,0.9948089190509598,0.0005753087031347234,3.262503106039537e-09,0.0007799971969448112
feel,154,0.0008720425989575461,1.0576726691396946e-07,0.0019974986062583438,0.992101194479507,0.005029158548010215
hear,155,0.0026367151660646876,0.9637252662722599,0.018229768033997003,6.62021566235768e-07,0.015407588506112247
see,156,1.9895329703634e-11,2.465928053609856e-06,4.279130529113848e-08,1.6693269940543376e-09,0.9999974895914188
bow,157,0.0021288611081939834,0.01509957709952356,0.9590933807406237,0.023676351008242887,1.8300434159211338e-06
walk,158,0.0007053447221778388,0.01897627331179273,0.9751555824928926,0.005162108598924861,6.908742119948199e-07
ask,159,1.9773192200767856e-05,0.00021461025785986078,1.2715706047706573e-08,4.3485681012951314e-05,0.9997221181532204
send,160,3.656948394109356e-05,0.0005616569113385538,0.9992927580407897,0.0001089549900205753,6.057391017464271e-08
know,161,2.4137673898299017e-05,0.0004425222897567098,4.7586914917108784e-08,0.0001229949049537952,0.9994102975444763
know,162,2.716495503477884e-05,0.00047626402038884914,3.1392297107988065e-08,0.00038199818265527777,0.999114541449624
see,163,2.4234264424699316e-12,2.1074306995917777e-08,0.9999999408604516,1.0445785831778785e-10,3.7958360092892274e-08
have,164,0.9999998056510895,1.2623325101891428e-09,8.564077401761509e-09,1.2734666430188607e-07,5.717583628976058e-08
think,165,6.417807330487038e-08,0.006443889819944212,0.9935503710949725,4.210314032091004e-06,1.4645929779164464e-06
give,166,3.964475205769586e-06,6.590186679395774e-05,1.4778262025630445e-08,4.1033460485794134e-05,0.9998890854192525
come,167,0.0001829813298024822,0.009824169502173343,0.9868633627433845,0.003129286519532736,1.9990510703875624e-07
give,168,4.76551463397657e-06,9.76830792711845e-05,7.073581330920154e-08,7.85482865745649e-06,0.9998896258416241
be,169,0.11476564413938113,0.03807319196972398,0.00018215191882982171,0.00047423764927750163,0.8465047743227876
see,170,1.3672000013714595e-12,4.033451816073953e-08,0.9999999134268798,1.8101753919923297e-12,4.62354247154128e-08
mind,171,0.0009847129746243803,0.05009156381794626,0.9479517950616343,0.0009714952170856758,4.329287093400774e-07
get,172,4.1220356657266964e-06,0.0014793575528789511,4.861215468204592e-09,4.1159032151259015e-06,0.9985123996470247
hurt,173,3.337355628067681e-05,1.2179303710052046e-07,0.000896990792497488,4.3438080043357515e-05,0.9990260757781414
feel,174,0.0005419587823574862,0.9973111323946738,0.0017151971093523047,0.0004316691955234316,4.25180930221781e-08
stay,175,0.014498939148449784,7.68855873943496e-07,0.0013352975115668722,0.010422940129010311,0.9737420543550991
know,176,3.2058392769107e-05,0.9991587483047996,0.0007722020133032717,3.688039985411132e-05,1.1088927394485119e-07
understand,177,4.352189548157552e-05,3.8400328646388427e-07,0.0005565615666251081,6.0121951380926536e-05,0.999339410583226
feel,178,3.236194469995118e-05,0.9999294268538923,1.3427871474808465e-05,2.478234404624996e-05,9.858868062733986e-10
come,179,0.0003962194821900262,2.7687861773156336e-05,0.0018366810312165588,0.0015982457574052911,0.996141165867415
ask,180,0.0006491880912276415,7.110364555530633e-06,0.03865415367973381,0.0005992714736636227,0.9600902763908193
thank,181,8.512648035043018e-05,0.9998587053103889,3.531062880272698e-06,5.263070217984554e-05,6.444200700209819e-09
be,182,0.0007471218515566723,1.070872308568901e-07,0.9992153701406545,2.5906995608313075e-06,3.481022099703246e-05
mind,183,5.3304445623950084e-05,0.9992341451169753,1.8055088817529726e-09,5.2161995078258397e-05,0.0006603866368136183
bite,184,3.089018533695024e-06,2.2433139843602037e-05,0.9930355904343583,2.92838925059995e-06,0.006935959018013686
hurt,185,4.0320870754446e-05,0.9983877841244769,4.060058477386797e-08,4.893904917357386e-05,0.0015229153550102444
let,186,0.00018842582507175645,5.265320130636257e-07,0.996794889286083,0.0005236421236619191,0.002492516233170264
mind,187,0.000145594927721531,0.998157047521206,2.2587747604952693e-08,0.00013674334364922435,0.001560591619675528
get,188,1.2577874847349684e-05,3.9719944410934054e-08,0.9819818085172681,1.2111296763290604e-05,0.01799346259117683
be,189,0.009654450631166742,0.9885029822826564,1.484503867500936e-06,3.059879720273723e-05,0.0018104837851065448
fell,190,6.796354575794697e-05,0.9953749955098893,0.004380214494747631,0.00017678398002245516,4.246958276421979e-08
hurt,191,4.984247050575028e-05,4.5291004908067706e-08,0.009175717464901208,6.304323885962305e-05,0.9907113515347286
pick,192,0.00020878387845086325,0.9915050018566586,0.008060825097183586,0.00022478513256781867,6.040351390407073e-07
cut,193,6.280936731419221e-06,9.63113688273055e-09,0.00010105672907829076,9.900601952988447e-06,0.9998827521011003
eat,194,0.01641722551921987,0.9616843140276486,0.0023067376918787523,0.019588159539875413,3.5632213773696295e-06
come,195,4.7514540418398534e-05,0.9996576824892593,7.028166765156212e-05,0.00022420776249023358,3.1354018058118483e-07
saw,196,1.814445228295783e-05,5.0629686455822075e-08,8.168903209250203e-05,0.00012028032968175072,0.9997798355562564
understand,197,0.00029681631083196643,0.9979195398334354,0.0010232055234341484,0.0007601802704128917,2.580618856002152e-07
wish,198,0.00014001891622532234,9.326095846048188e-07,0.0001253081545835316,0.00013543944334190063,0.9995983008762647
leave,199,0.20023651992069727,0.007779997425391034,0.012431146737132338,0.7793420737682326,0.00021026214854666158
have,200,0.9999999979059022,1.0041959178894572e-10,7.949004555441616e-14,1.9908561203676044e-09,2.742476672503793e-12
be,201,6.543251335415829e-08,0.04879301901320784,0.8834054392044153,0.06651053728707777,0.0012909390627857324
understand,202,2.0206638927470304e-06,0.025550589159556797,0.005085598317173351,0.962499921787029,0.006861870072348017
have,203,0.9999999995745572,5.680435089620161e-13,6.103024747027976e-14,4.2476751929286024e-10,4.622829188862971e-14
have,204,3.4160204724109646e-10,6.220506260269577e-13,3.341692927015129e-13,0.9999999996573203,1.2144627108871466e-13
know,205,0.10959401024393531,0.009412503984048434,6.924398932320951e-05,1.178028831145418e-05,0.8809124614943816
paint,206,0.005770643830326521,0.0020980461613210066,9.77007488654933e-08,0.004979669721867493,0.9871515425857361
mind,207,0.004490071032950421,0.0044350385279092715,0.9866564600797302,0.004418271203024502,1.5915638551606705e-07
make,208,0.000932849825462728,0.004367183799694321,0.9932326222903857,0.0014667245397311092,6.195447261583221e-07
think,209,1.912278680553038e-09,0.00014315096950327045,3.3016144596507992e-09,3.772698986881568e-09,0.9998568400439046
make,210,0.00012484468373342875,0.0012732181444492217,0.998421350081708,0.00018044697923157358,1.40110877846049e-07
see,211,2.295196504616881e-12,2.4639565547324005e-08,2.0510420315657836e-07,2.6832654100832185e-12,0.9999997702512529
know,212,1.32333742938915e-05,0.0003398515757871155,2.4893637017800796e-08,1.2815203964029988e-05,0.999634074952318
make,213,0.0003860630995090808,0.011156389057363195,0.9879606531553105,0.0004963498946989418,5.447931182809748e-07
felt,214,0.007102353952890855,0.6686298551429373,0.31303394373022675,0.011233547662853234,2.9951109201303086e-07
look,215,1.0999482871030669e-08,0.006552842208049623,1.1679918646515977e-09,5.364919963292508e-09,0.9934471402595557
be,216,0.0015326853868508586,2.509249128178547e-07,0.9971896313364365,9.177632447727138e-06,0.00126825471935202
walk,217,7.684556358116576e-05,0.9988908627335521,0.0009060100791036335,0.00012626723334455183,1.43904185542982e-08
touch,218,4.086886315908636e-05,5.378672285036142e-07,0.002931581660547277,9.216843716011056e-05,0.996934843171905
stay,219,0.037553639851358636,1.3658074834580515e-05,0.0012059163134685383,0.018582881405378594,0.9426439043549597
lead,220,1.8581198020006155e-05,0.9989550603083659,0.0010056125161952882,2.0648099886608922e-05,9.787753210109612e-08
think,221,3.329211098002176e-09,1.5848902171359326e-07,7.620525814586871e-05,6.004559278803577e-09,0.999923626919062
saw,222,1.0654708022216971e-05,0.9999065868079655,4.838082492034609e-05,3.436206107942295e-05,1.559801251426006e-08
feel,223,0.0009032295402352553,5.78637706352223e-07,0.00010354938477531736,0.00030827160589456807,0.9986843708313885
wonder,224,0.00028396113697265165,0.9964561183524694,0.0032030479712048445,5.627743110270991e-05,5.951082503784848e-07
fool,225,0.00020581601394441645,4.112347127939071e-08,0.0004005653436736152,1.2017809181627291e-05,0.9993815597097291
see,226,9.408522476930164e-08,0.007993211576840482,0.992001599496222,1.5906685542690864e-09,5.0932510440363215e-06
eat,227,2.523893484584418e-09,0.870005948771898,0.002290097597815969,0.012524164382658855,0.1151797867237338
felt,228,0.9950504612730401,1.4615935557631465e-06,0.0003340822534796671,0.0018951550600867317,0.002718839819837669
be,229,0.9999621409149373,1.4269221922243374e-05,1.366655060515714e-05,1.6870172516919432e-06,8.236295283441362e-06
try,230,8.111032199732193e-10,0.9981770263502382,0.0005984650768954831,0.00030515210877581436,0.0009193556529874456
get,231,0.9559586119412387,5.66711566686548e-07,0.016550474036607973,0.00024146172984360298,0.02724888558074319
give,232,1.043564502122796e-09,0.9647722808100581,0.01013002197442062,0.00034154470264552195,0.024756151469311184
get,233,0.8587766959105946,1.923206941878297e-07,0.013649778601065685,0.002241444962522055,0.12533188820512342
hope,234,2.005486234111379e-09,0.8237404969429085,0.0023107116782780973,0.08187404635928913,0.09207474301403822
have,235,0.999999999135183,3.2865259058394113e-10,6.696283668242259e-14,5.209932795800056e-10,1.5104183623169254e-11
know,236,0.004907895141168896,0.9655153924247553,0.00635605138254213,0.023218190449476303,2.4706020574989632e-06
let,237,0.0019452136110133396,0.9851785112938778,0.0006053962445275389,0.01227067656840941,2.0228217189484957e-07
stop,238,0.0003938005582037107,1.1516470697725733e-07,0.0005998304351102943,0.0003333308298664989,0.9986729230121125
come,239,0.0003128679649311637,1.092492661495099e-06,0.00018701455773127522,0.0007221779928462727,0.9987768469918299
lead,240,0.00039180953835085263,0.9915222737211079,0.007984144519767714,0.0001014199944630086,3.5222631050263796e-07
know,241,0.0004816639429429991,3.826134195501625e-08,0.002246615540970888,3.9040396359754614e-05,0.9972326418583843
know,242,0.022032030970580686,0.7747589167425362,0.2024791291807468,0.0007292086381398143,7.14467996606735e-07
have,243,4.7057803050329676e-09,2.0669496196992654e-09,3.0247113678514565e-10,0.9999999915399987,1.3848001261905681e-09
see,244,3.6281127477133466e-10,4.4054149506836755e-07,1.2352414138591932e-07,1.3865267850620684e-11,0.999999435557687
see,245,6.605981668771404e-11,1.1535559628072492e-07,1.1714674148048317e-07,6.567975800610329e-12,0.9999997674250345
see,246,8.037326328464009e-12,3.6131144109494924e-08,0.9999999152200977,2.1880237785315284e-12,4.8638532867980435e-08
get,247,3.349562986321585e-05,0.0013843774625025452,0.998566508566241,1.5239113989565826e-05,3.7922740380081496e-07
see,248,3.2466240973178888e-12,1.491893279046726e-07,3.634679690077238e-08,2.7938377896410367e-12,0.9999998144578347
see,249,1.6417919552371966e-12,2.239532085430234e-07,0.9999997665043014,1.7181175002818512e-12,9.539130060037029e-09
fell,250,8.330720661808598e-05,1.2614914528888441e-08,0.9585104545766786,0.0002583823388142287,0.041147843262974514
search,251,0.0021017355796665287,0.8828084638350455,1.7781325583434182e-06,0.002943042626316518,0.1121449798264129
wash,252,0.0005661187731672748,0.9573142487207881,4.127284990804062e-06,0.0007832446383143785,0.04133226058273931
drink,253,0.00018825923111906906,0.9963224385700379,5.570106869888011e-07,0.0005770864035312292,0.002911658784624904
be,254,2.096096215193945e-05,2.991087269699749e-10,0.9999788598395725,9.96546193925452e-08,7.92445475722052e-08
be,255,7.296199979180788e-05,1.0170652716692862e-09,0.9999264528233991,4.2322868884106175e-07,1.6093105498490546e-07
sleep,256,0.0008198908708465773,0.9946989280978412,9.205903424158099e-08,0.001021765629866915,0.0034593233424110967
eat,257,0.23499063265431067,0.761716527215686,0.00014326505220757627,7.424159721389346e-06,0.003142150918074301
drink,258,0.02164610249485481,7.62478491016244e-07,0.9632694993271607,0.009885418043715705,0.0051982176557779395
have,259,4.4446750894055264e-10,1.0755093223812917e-09,1.4514620044131224e-11,0.9999999984653132,1.9536188327409843e-13
be,260,0.8766933383760723,0.12217493687773416,1.8400749401343956e-07,0.0011043301142051002,2.7210624494343945e-05
think,261,0.00016344579927821722,1.0771593079375858e-06,0.7213936928749859,0.0004706850109863527,0.27797109915544155
saw,262,0.07826836006769614,0.8823544804537623,0.026081150029558672,1.773862320565809e-09,0.01329600767512079
have,263,4.955605268917551e-12,7.824149190595238e-13,2.332609075982533e-15,0.9999999999942528,6.706504792460945e-15
eat,264,0.9462241946411117,0.014698517165314583,0.0023234787586396905,1.5310209175998527e-08,0.03675379412472488
hear,265,9.637581730278438e-05,0.0004037226829401619,0.00027990466748979855,0.9991693849300701,5.061190219711096e-05
imagine,266,0.004108008855456297,0.0037580310882326406,0.000502835306733282,9.546685707420575e-08,0.9916310292827207
see,267,6.866343220323856e-09,0.001139549456327433,0.9988245931028251,1.6126147107796638e-07,3.5689313033187835e-05
come,268,0.0001305163232550775,0.9963116005307009,0.00011654149642725197,0.0034412316626024828,1.0998701430035603e-07
fell,269,9.891046865731078e-05,3.267142301667243e-07,0.00021156823429066906,0.0009458200489181152,0.9987433745339037
stir,270,3.8391295952062376e-05,1.1923372204542894e-07,0.00025307061070164126,6.489582061271655e-05,0.9996435230390115
hurt,271,4.245949437747784e-05,0.9994591456402796,0.00043874768729351666,5.952899915524837e-05,1.181788942912315e-07
groan,272,2.7249891913388004e-05,5.309483936658982e-08,0.00024284849866686238,2.9122628530918562e-05,0.9997007258860494
come,273,2.195548343731255e-05,0.9998804028877609,3.4710792041043494e-05,6.29004273196155e-05,3.040944095566319e-08
help,274,0.00012940198726940494,0.9994956812725662,0.0002481074170025341,0.00012679723238194463,1.209077991471558e-08
get,275,0.00012924122009103239,2.4244316981138053e-06,0.001374633542003748,7.84075928923998e-05,0.9984152932133147
be,276,0.0005219381111532237,2.9693677413320278e-05,0.9981363125986721,0.00014840636114273563,0.0011636492516186952
find,277,0.2427973377873367,1.8611585899671314e-05,0.2735556744796837,0.17162597720112488,0.3120023989459551
turn,278,1.0149156588056422e-05,0.9999207393616372,4.691061377790213e-11,3.8583850651639046e-05,3.052758421252919e-05
have,279,0.9999999988358115,4.2358016280706785e-10,2.6449983463101084e-12,7.377134389269395e-10,2.500293015469168e-13
be,280,2.1077046197227117e-09,0.013013291666877813,0.9864100520472255,0.0005642898692380082,1.2364308954154729e-05
put,281,0.9613636125168942,1.4542269456521643e-06,0.0013174674413284325,0.03304435300071931,0.004273112814112426
oil,282,1.6516046919155485e-08,0.6396541327063079,0.0007561367123616136,0.3595491149136239,4.0599151659609745e-05
be,283,0.999914057316979,5.7944728129951935e-05,4.458469456657722e-09,2.7426361930740845e-05,5.671344906858194e-07
have,284,0.9999999999879837,1.804799424997873e-13,4.927620403475275e-14,1.1783457343531956e-11,3.276769310969456e-15
come,285,7.559949487292909e-08,0.24065226018358415,0.17362060789104053,0.51151131934391,0.07421573698197051
have,286,1.8951948046925878e-07,1.3424199942028189e-11,5.1873948556152895e-12,0.9999998104608192,1.0887256629010958e-12
happen,287,0.9988338123994058,0.000511021489282491,2.8538005253057172e-05,6.175685264586482e-05,0.0005648712534126767
be,288,3.4555286768263262e-09,0.0002979745487245714,0.9995306350783476,7.79824726835932e-06,0.00016358867013072922
see,289,5.907681905923729e-09,1.0388250742420174e-06,3.010940796380367e-08,4.244858053570742e-11,0.9999989251153873
wish,290,0.008222292698250392,0.9580647259243542,0.03356235338065368,0.00014787490463335104,2.7530921081763973e-06
see,291,2.1109707388580236e-09,0.00010602000235899363,0.9998914405292734,2.0822330061168794e-10,2.537149173546115e-06
send,292,0.0006124490062298316,8.685392995144777e-08,0.0005154506361940435,6.157691600362817e-05,0.9988104365876426
put,293,0.0012130870655981095,2.80872964961583e-08,0.0011137392062347674,0.00011125421609865042,0.9975618914247719
think,294,3.201754834100203e-06,0.9984946534459295,0.0015018377328886766,7.043424212667925e-08,2.3663210553190861e-07
suppose,295,3.0221689064687044e-09,0.9564772369842316,0.0001835871146612119,0.0029817196798409456,0.04035745319909733
give,296,0.005137027924733005,0.9879903138647916,0.006690308245954526,0.00017595780596704627,6.392158553757235e-06
be,297,0.9918895879736873,2.083044659434187e-08,0.008010832378786822,3.149294092711508e-06,9.64095229863579e-05
give,298,4.856079356342964e-11,0.9670096691444151,0.0022374082910473487,3.277376657592097e-05,0.030720148749400922
allow,299,0.9968233386598956,2.01708478029271e-06,0.00036278869684562104,0.0012349765042601846,0.0015768790542185316
join,300,0.9999384375490804,1.2380987760089422e-07,1.3396343253276874e-06,5.613372054940025e-05,3.965286167044785e-06
ask,301,2.712050469221402e-10,0.9984265085723594,0.0004914834912674063,6.716322211149362e-05,0.0010148444430565264
help,302,0.9995546220464281,1.2923076252671885e-07,0.00016785597367326128,0.00015324542388542244,0.00012414732525076484
come,303,1.077976980691523e-09,0.9992409807191708,8.782231823508095e-05,0.0002706614612021153,0.00040053442341509213
be,304,0.9999932914161698,3.465669517797487e-09,6.464058011564321e-06,1.7341051790501086e-07,6.764963126081286e-08
have,305,7.670270615468496e-07,1.4163696078204133e-09,3.5674742952049004e-13,0.999999231555639,5.732149853866475e-13
put,306,3.936399835702806e-06,0.9056870281040786,0.02341053618309963,0.0016704578580326562,0.06922804145495348
get,307,0.9929782041063566,2.6281550443524736e-05,0.00404522267960452,5.2418539308194156e-06,0.0029450498096645493
have,308,1.1774428316173455e-09,5.3665931361316735e-11,1.1955623676657843e-14,0.9999999987687562,1.2298018852966604e-13
join,309,0.9643277084158257,0.035218874587877334,1.5082411830427452e-05,3.630405967534097e-10,0.0004383342214258634
work,310,0.0030255780211765346,2.4777805833306586e-07,0.005614250750982616,0.008796619556861429,0.9825633038929212
help,311,0.0009034617410776396,0.9945184840085101,0.0003564344839093827,0.004221608006127009,1.1760375945745088e-08
walk,312,0.0007393260483220509,2.8649208229130914e-07,0.00032016444392246894,0.0016985428738051976,0.997241680141868
know,313,0.0004916672791153628,0.9978840444742881,0.0013335195816660621,0.0002900864199263008,6.822450039290206e-07
know,314,6.276881525484595e-05,4.033216735972877e-09,6.447284418332068e-05,9.8888973796922e-06,0.9998628654099654
ask,315,0.09338876233204199,0.8981444228823989,0.007398424502676384,0.0010364929421971569,3.1897340685526065e-05
see,316,7.963630338651356e-07,0.0005672006835250957,0.9993666196591859,4.075217533720117e-09,6.537921903763887e-05
have,317,7.818218647936087e-08,1.837501569877685e-09,1.1375967408983125e-12,0.9999999176915427,2.287631693404099e-09
have,318,6.584494433541123e-08,2.188045024029003e-09,9.259634833168842e-13,0.9999999307262398,1.2398447739521836e-09
know,319,0.011807422501099903,1.530151990457065e-07,0.00032216278053729373,9.812919366546442e-07,0.9878692804112271
marry,320,0.02457097665643115,0.9712061054587661,0.003426691225778368,0.0007954439913000048,7.826677243964692e-07
become,321,0.0012305959477487828,0.9971442463420329,0.0013657846485381885,0.00025910668535792395,2.663763221308775e-07
love,322,0.00018779046488434162,1.6285334649584683e-07,0.0004197868964258613,6.558824783002614e-05,0.9993266715375133
marry,323,7.312020359019985e-05,3.4958382509476524e-07,0.00033479224075976953,5.506068355143147e-05,0.9995366772882736
work,324,1.016891914609655e-05,0.9996124238314255,0.0003685346516497978,8.815394967572809e-06,5.720281102090243e-08
marry,325,5.323188632049062e-05,5.671929278696983e-07,0.00035141838980523696,5.028685294815626e-05,0.9995444956779983
prevent,326,2.4611260794303906e-05,0.9999046099184203,4.399923107984442e-05,2.6774506085593132e-05,5.083619858941911e-09
get,327,5.767863800282373e-06,1.6730555317443981e-07,0.0003318556183408494,5.38304362011483e-06,0.9996568261686856
cut,328,2.5872877584114596e-05,4.009603518071412e-07,0.00019677900829035777,3.720162721400827e-05,0.9997397455265598
make,329,2.4548130699139848e-05,0.9998970763904951,4.4563993975568045e-05,3.378246418973172e-05,2.902064053803119e-08
marry,330,2.655279366150718e-05,0.9997521170697782,0.00019581229887539193,2.5458004231094695e-05,5.983345379206325e-08
cut,331,3.046261021638369e-05,4.6963379413976203e-07,0.0002655349762045303,4.335973642063436e-05,0.9996601730433643
cut,332,4.963607135984765e-05,1.0168439625954908e-06,0.0005019724097034002,6.98506997241012e-05,0.99937752397525
cut,333,6.80410245836505e-06,0.999898912560721,8.48348704082361e-05,9.442943611974897e-06,5.522800651037947e-09
come,334,0.0001623950961465332,9.216347944930419e-06,0.0004704308561091849,0.0005675089255789646,0.9987904487742204
be,335,0.0005614422630659243,0.9992717495055217,0.00016463181518083924,2.1668506674976546e-06,9.565564189512208e-09
kill,336,0.0009088473952082296,5.527770888116043e-06,0.0018083651620451307,0.0005726635882362664,0.9967045960836223
cut,337,3.4859704015994806e-05,3.7573733611837754e-07,0.000426472143797192,4.8375498593832586e-05,0.9994899169162568
care,338,4.057711537612289e-05,0.9994803167380685,0.0004331614529721541,4.575797055130121e-05,1.8672303172152893e-07
suppose,339,0.0004505572436340288,0.9989751803067587,1.9555951283031265e-05,0.0005546979180598854,8.58026437370915e-09
come,340,2.3905563542794097e-05,4.2752522280784496e-07,3.553606541139837e-05,8.770452205289606e-05,0.9998524263237701
felt,341,3.132652107849272e-05,0.9999177032996915,2.584784971269454e-06,4.8384753181554434e-05,6.41077226838205e-10
cut,342,4.1233088900740796e-05,9.183350436754117e-07,0.0003050410984077226,5.972720877196004e-05,0.9995930802688759
stand,343,7.797910645382699e-05,8.938433680267642e-07,0.0004863239265811562,9.214960095200005e-05,0.9993426535226451
help,344,1.4877200755009137e-05,0.999936751124889,2.6431847543559052e-05,2.1937850843675595e-05,1.975968744331494e-09
undergo,345,0.0028679139327811,4.379396166226806e-07,0.0002860407417315483,0.0034525355592535363,0.9933930718266173
