token,id,G1,G2,G3,G4,G5
chapter,1,1.0239057929192393e-05,7.57434409607822e-11,3.567393217346795e-06,7.004954884842456e-10,0.9999861927726145
midst,2,1.2081796246672044e-06,0.9999074367220904,9.063036682483893e-05,7.246640435018897e-07,6.741658596825582e-11
prairie,3,3.592123454999728e-08,1.4752109109691877e-08,6.504994961208268e-06,0.9999934443283411,3.3539413360900873e-12
uncle,4,1.7029578444112288e-06,1.2883927660137328e-11,2.954349777587373e-05,7.741696083818843e-11,0.9999687534540788
henry,5,6.4671487606289916e-06,0.998481208713727,0.0015062140747980689,6.107549152841465e-06,2.5135613748630927e-09
farmer,6,3.394725079646942e-10,3.127443936803092e-10,0.9999999501916217,2.9243038552487694e-09,4.623185759267738e-08
aunt,7,0.9999681119791288,4.904939238755659e-08,1.4401024651585232e-08,4.616535886675463e-07,3.136291686524243e-05
em,8,0.9999053943826027,3.0763889361353045e-13,9.459763667127889e-05,2.5135445287728754e-12,7.97790464344205e-09
farmer,9,1.8575373443630604e-11,2.423879333570154e-11,0.9999999739886732,3.1906829558948703e-10,2.5649444357827685e-08
wife,10,4.576232326561187e-07,0.016671590278075857,0.9833268998906837,1.0467568745163188e-06,5.451133344868775e-09
house,11,0.0164954446588121,0.07561069453064505,1.3425784245799775e-07,0.9076199855400783,0.0002737410126220487
lumber,12,5.4792606272354425e-12,4.1389155288799094e-08,0.999999742570578,1.042894996846584e-07,1.1174528787842524e-07
wagon,13,0.23878895729888458,3.903092801592746e-08,2.804417154277779e-10,2.8839631356399814e-07,0.7612107149934321
mile,14,0.9629201120072618,1.8998017899186998e-10,0.03707978416311472,7.810151791571831e-10,1.0285862824376358e-07
wall,15,6.870909348303924e-08,0.6855777636884748,0.31442204129733525,8.515679560603674e-08,4.114830113184384e-08
floor,16,4.2606954258038844e-08,1.2362276317537715e-07,0.17898520416262798,0.8210146094962814,2.0111373177990855e-08
roof,17,0.9113828540902105,0.00015094698187137224,2.0386869252860475e-08,8.951701358012973e-05,0.08837666152746883
room,18,1.0438822005047621e-09,3.539327843051674e-13,3.068123010443655e-06,1.6631772591846007e-13,0.9999969308325871
room,19,0.9999581296863781,9.78857897954028e-12,4.167723899507328e-05,5.1836568658755326e-12,1.9305965458106058e-07
cooking,20,0.988945005909395,1.7549620494079747e-08,0.011054949387287894,1.1699751249375103e-08,1.545394535997894e-08
stove,21,9.427031496883919e-09,3.7610702113924435e-13,6.958131573604015e-07,2.382726225978441e-13,0.9999992947591967
cupboard,22,0.00015642646011390245,0.004250885722703239,0.9823730504385189,0.013216635623823738,3.001754840259838e-06
dish,23,2.6505351477766243e-07,1.8587427129746485e-08,0.9622480204525665,1.031588970483419e-08,0.037751685590602005
table,24,0.9992154040404128,7.622725699606942e-07,2.581710148816781e-10,4.6064747498454846e-07,0.0007833727813712949
chair,25,0.9999922561554562,2.6927252244269164e-13,7.742046671436211e-06,1.7507878112249173e-13,1.7974280063857858e-09
bed,26,1.4934526546263563e-06,5.612977224137105e-08,0.9910899841127268,3.812238030364966e-08,0.008908428182466153
uncle,27,4.719368548997031e-07,6.76931991437228e-13,0.00011386121114401973,3.4830174198013574e-13,0.9998856668509759
henry,28,9.561232124544525e-06,4.719476455593793e-05,0.9992270259160921,0.0007162155746785533,2.5125488772161166e-09
aunt,29,0.9999990303333175,3.83901725877082e-08,7.049103556786754e-08,2.223759397325711e-08,8.385478804806547e-07
em,30,3.4134866891275355e-06,3.804088991024589e-12,0.026770743143565746,2.0038061602843385e-12,0.9732258433639372
bed,31,0.9998786843645636,3.3399834635692587e-09,6.248018464555818e-10,2.801647902195763e-09,0.00012130886900301051
corner,32,1.6188226385508754e-11,8.51298863502365e-13,0.9999999999220814,7.515387550982174e-13,6.012753367387462e-11
bed,33,0.9998088257910714,8.955611239692384e-10,7.139913174340264e-11,9.009212331353739e-10,0.00019117234104720228
corner,34,9.538002714678539e-11,3.1739409085135212e-12,0.9999999984162182,3.137808323303034e-12,1.4820900418557247e-09
hole,35,5.666387594790818e-07,8.827585609889195e-13,0.0028810224359544405,8.121524432384683e-13,0.9971184109235912
cyclone,36,0.11563478119727132,1.823713654423109e-10,0.8843652183000684,2.699876834089368e-10,5.0301162993761975e-11
family,37,0.9866447965951467,4.500569786438108e-09,3.064558929564368e-09,6.434280438315068e-09,0.013355189405444367
case,38,0.00017050513430648306,0.2300659593853045,1.0819274848840149e-08,0.7697622337450284,1.2909160857200578e-06
whirlwind,39,7.451699456633141e-08,1.733638607151504e-13,0.0006297125490843186,9.41728164761743e-13,0.9993702129328061
building,40,2.3597367076144676e-08,4.091868031518832e-09,0.9999998976553733,7.336960119033958e-08,1.2857902818410701e-09
trap,41,2.0581687444082595e-06,0.0013542518583394985,0.998642676923068,9.655216080436787e-07,4.752824019888324e-08
door,42,0.0012710528350717996,0.01616665446868269,1.1860429082213341e-09,0.9824649192289572,9.737228124535719e-05
floor,43,3.718151717073052e-07,0.8313340621946097,0.16866354633871627,1.960079399750687e-06,5.957210247447394e-08
ladder,44,0.9997518964998529,1.0578659681038921e-10,0.0002480644047045804,9.253307495819981e-10,3.8064325051177384e-08
hole,45,6.416737755283979e-09,5.1591064562548144e-12,2.113122656879241e-06,1.135724927121732e-11,0.9999978804440889
doorway,46,3.6567424054495283e-07,2.3509001457555332e-07,0.0005262848603111193,0.9994731035913582,1.0784075617754037e-08
nothing,47,5.961851868751834e-05,2.658171236735004e-05,0.9998662742305604,4.751195627643408e-05,1.3582108413214771e-08
prairie,48,5.633879718271925e-08,0.9996822732196685,0.0003174536788632339,2.1655430124162097e-07,2.083698797685852e-10
side,49,2.4613993301579102e-08,9.605630821607445e-16,1.2370745204522633e-07,1.0278657266968978e-15,0.9999998516785527
tree,50,0.9997081042847528,8.878602220317106e-08,8.880393236624859e-11,9.576517338447699e-08,0.0002917110752478124
house,51,0.0003162637713697882,3.8121196562742515e-09,0.9981112776356313,0.0015722750644056906,1.7971647343752726e-07
sweep,52,1.2396838431252778e-06,1.5398463298095453e-10,0.0001539918725415215,1.0345377536065875e-10,0.9998447681861768
edge,53,1.2961231624167506e-07,0.9997982508218379,0.0002013982756968257,2.2122058982520778e-07,6.955925705113105e-11
sky,54,2.6765399260736575e-06,1.6940288321444354e-07,0.9999858026149657,1.1017947880749875e-07,1.1241262746017764e-05
direction,55,3.704624750295664e-08,2.0719109689138044e-07,0.002771782905538039,0.9972279728179527,3.916496675853449e-11
sun,56,0.9954131358013898,0.000979067264609977,1.885070279785577e-09,0.00083276299658834,0.002775032052341354
land,57,1.5463056940106024e-09,5.122143371195234e-06,0.9991601725151221,1.0259513837248019e-05,0.0008244442813637598
mass,58,5.4377271378025995e-08,0.9414504097870423,0.05854934475672727,1.9094925453884876e-07,1.2970441405184445e-10
crack,59,0.9958389564381231,6.869945370198717e-08,8.246687396215596e-10,1.0311255135521306e-07,0.0041608709252030016
grass,60,8.65742353027731e-06,1.144955242933882e-05,0.0009917853272583975,0.9989880994884458,8.20833618958427e-09
sun,61,1.8512455380896836e-06,1.6011292137240183e-06,0.9999958326936792,6.884962786313648e-07,2.6435290275063075e-08
top,62,7.399414797998687e-07,5.950746128793433e-09,0.9883048058582347,2.8043183515283994e-09,0.011694445445221033
blade,63,5.9427799149433625e-06,1.5373166159279043e-12,0.00511911979068798,8.032942062019929e-13,0.9948749374270565
color,64,0.9999311472011903,7.349473664221656e-10,5.294255745873978e-09,4.0844450744843843e-10,6.884636116209075e-05
house,65,0.7317649026841986,0.15275816765129302,3.87707725532503e-05,0.1153735867307658,6.457216118939612e-05
sun,66,5.144726811920056e-12,2.4169612511327665e-10,0.9999999943298598,2.2492402039516672e-10,5.1983755099031355e-09
paint,67,1.8876177275398388e-05,0.49863466799192824,2.1551792369643084e-08,0.5013464321302928,2.148711311749425e-09
rain,68,4.899759561763732e-13,5.2805745288233885e-12,0.9999999997711976,5.1816134896088224e-12,2.1785032382381752e-10
house,69,0.3262045162850652,0.38963229167912183,9.47883811494689e-05,0.2839513854164169,0.0001170182382464768
aunt,70,0.9999821813704747,1.2290105674474637e-07,1.2269711062588158e-05,8.979718450161839e-08,5.3362202215888745e-06
em,71,6.14793007572371e-08,1.0236696403165655e-12,0.006145518675079072,5.297238522147428e-13,0.9938544198440669
wife,72,1.7195455116511496e-07,2.4022722919808757e-05,0.9997973171627533,0.0001784794844304087,8.675345386375186e-09
sun,73,0.011619444652053064,0.00029950945240105856,8.424794168798932e-07,0.0002336422369367224,0.9878465611791923
wind,74,0.9999168881595067,5.943160973126899e-12,8.018956679597211e-05,6.025718306139352e-12,2.9222617284057496e-06
sparkle,75,0.8983671875827334,8.110239342810741e-08,0.10163194083637257,1.583061963506766e-07,6.321723041653179e-07
eye,76,2.716164780312058e-11,6.31920217658045e-15,5.459992751190141e-09,2.1193287716981733e-14,0.9999999945128182
red,77,0.9999817731747258,1.1355348620654248e-11,1.4693335554280078e-05,5.965053150742284e-11,3.5334187138564273e-06
cheek,78,3.2757131725908616e-06,0.9942806113969754,0.005710785151579264,1.3667011166255876e-06,3.9610371562144e-06
lip,79,2.4019571928255084e-07,1.1660672824903461e-08,0.0005943243564821084,0.9994053602692011,6.351792472555236e-08
orphan,80,6.696474077371276e-08,0.9997298419905715,0.0002691867256711134,8.99610846019972e-07,4.70817062610016e-09
aunt,81,2.12024792758513e-09,1.5108209445104656e-08,0.9999948313685282,5.815982592248754e-08,5.093243188729436e-06
em,82,0.9999950421139362,2.474184492586418e-12,4.934496034832568e-06,2.621559061977865e-12,2.3384933382066284e-08
child,83,2.2253178087561615e-08,4.0869598903533875e-08,0.9733783106570867,1.520887141518377e-08,0.026621611011264798
hand,84,0.8041179898144059,0.06729675645660099,5.3116587444812995e-08,0.010984736208879409,0.11760046440352624
heart,85,3.861844583983439e-09,8.618279963722846e-07,0.0020597660147478034,0.997939364574762,3.7206493043911315e-09
voice,86,0.9971986790024021,2.8370546026737493e-09,0.00280040157534525,8.627811355986232e-10,9.157224168193355e-07
ear,87,3.571243509500886e-07,0.0004962016383275221,0.9977870697802822,0.0017143912916546128,1.9801653846895665e-06
girl,88,2.0189865768188182e-11,0.9999096921325309,9.018029182574463e-05,1.2740292329041843e-07,1.5253033907644595e-10
wonder,89,0.2911369172980083,0.011967922382967249,6.526088101867959e-08,0.008687112451113893,0.6882079826070296
uncle,90,0.9909449030899801,1.0400268202452145e-08,0.009051920714470597,2.3417128846898926e-09,3.1634535681430617e-06
henry,91,6.883017905818143e-10,8.429349303482168e-07,0.0013766401145518274,0.9986225147384968,1.5237193170010996e-09
morning,92,3.895878203673891e-10,6.080947425052903e-07,5.294236467944993e-05,0.9999464489430235,2.0796664042272955e-10
night,93,9.77481688526888e-10,0.999965011915314,3.494479046206193e-05,4.220555386621128e-08,1.1118854494348895e-10
joy,94,8.072407228178577e-10,0.9999856087714779,1.4330479194538926e-05,5.9919058810933e-08,2.302784539859255e-11
beard,95,1.1754741585367252e-07,1.840686296900531e-07,0.00045996463239495334,0.9995397322302428,1.5213165629486251e-09
boot,96,4.187301005104796e-08,5.121408279769351e-10,1.1157095277294033e-06,1.735465448641582e-10,0.9999988417317749
dog,97,5.0619371177611725e-08,2.689047675447225e-07,0.000123412761809126,0.9998762666987604,1.0152918101448655e-09
hair,98,1.1500436901244108e-08,0.9999214514530586,7.848223696173022e-05,5.422370458342097e-08,5.858384581626506e-10
eye,99,0.9999256065152121,1.9125797718113405e-10,7.435851815179405e-05,1.999300330985952e-10,3.4575448069697425e-08
side,100,3.079475401253059e-10,1.0341833160246041e-16,1.1875636061083721e-08,6.770116049885581e-17,0.9999999878164163
nose,101,0.9980756026045847,3.0421761236711977e-05,1.148954997151629e-07,3.1956419812780734e-05,0.00186190431886602
day,102,3.20386721417763e-15,4.7541748626688015e-08,3.071004999734908e-05,0.9999692424082499,9.079609031532132e-16
day,103,3.368513829323621e-15,0.9999383833309057,6.130274887993294e-05,3.139202082425776e-07,2.778465203144796e-15
uncle,104,0.9862950057820298,1.2323213164666894e-09,0.013703592164911037,3.129668045179739e-09,1.3976910701364754e-06
henry,105,1.3648723112689056e-09,0.9994349793153741,0.0005621777811415169,2.8386764040791666e-06,2.8622079378871633e-09
door,106,5.5457831312415624e-08,6.042130862104186e-11,0.9998347871041953,0.00016509342041379953,6.395713836199314e-08
step,107,1.7761180291176168e-07,0.8667544372874403,7.314064897263073e-10,0.13324528843186254,9.593748789204888e-08
sky,108,0.6136505451685533,8.745582851539144e-06,1.2440629659355492e-07,6.651057703596049e-07,0.38633991973652826
door,109,2.622959605148949e-08,4.329573937548621e-10,0.9999982096857524,1.6540393444911355e-06,1.0961234961171844e-07
arm,110,0.9814605263696491,3.145105184033156e-11,0.01853924456048165,4.082392849237384e-12,2.290343358113995e-07
sky,111,4.147717059306428e-09,2.367154536200211e-09,0.9862068638096899,5.913427016202212e-10,0.013793129084095796
aunt,112,0.999218086916788,7.954479904412627e-08,1.4116504331925402e-08,4.1379194416325454e-08,0.000781778042714231
em,113,0.9999930548487852,1.4841651080434504e-13,6.904035717634135e-06,1.1655520093302367e-13,4.1115232201527464e-08
dish,114,5.41315145504719e-07,1.5024910148964013e-08,0.5139039817644371,2.2254099304728342e-08,0.486095439641408
wind,115,8.338184334635606e-09,3.534566541937303e-14,3.7920399693148054e-08,1.1311833164360232e-13,0.9999999537412675
uncle,116,0.999998257065937,1.857278485260046e-12,1.700226615241544e-06,9.125273092077993e-12,4.2696465259711604e-08
henry,117,1.5302002387981834e-07,0.9995975522969073,0.0004018168536777143,4.650153454526439e-07,1.2814045510431968e-08
grass,118,2.3237126864134015e-08,2.571455907056515e-08,3.226345785389218e-05,0.9999676862003933,1.3900667876928612e-09
wave,119,1.0567943399985863e-08,0.9999841406434996,1.5752140403360875e-05,9.617263576566869e-08,4.755179026683933e-10
storm,120,4.939676945161264e-08,1.2465008750029616e-07,0.0002459778522453898,4.6424618469341913e-08,0.9997538016762793
air,121,3.192853247903821e-07,5.329535972266995e-07,0.0013215155312915272,0.9986775605572292,7.167255723521609e-08
eye,122,0.9999753589682387,1.791879189441201e-08,2.437983035319466e-05,3.0776719966912986e-09,2.4020494418065686e-07
way,123,1.3560537282763688e-11,2.0630225507192473e-07,2.0382669771997967e-07,0.9999995898387466,1.874010736336507e-11
ripple,124,5.10581943427566e-08,0.9976258621299504,0.002373799210587448,2.07952853426234e-07,7.964841421573932e-08
grass,125,1.7910179294096877e-09,0.9998489103853244,0.0001502704582172885,8.12850408195355e-07,4.515032253997178e-09
direction,126,3.690020030216761e-12,6.414462726736093e-09,1.3098570985036409e-06,0.9999986837120419,1.2706847986065765e-11
uncle,127,0.9961464604559436,1.326340250069911e-09,0.0038515174683086888,3.9776111453602314e-08,1.980973295992579e-06
henry,128,3.963865131985007e-09,0.9216968138031828,0.07829779882048617,5.376017461051657e-06,7.395004762733869e-09
cyclone,129,0.01872804339136925,4.5842901025028814e-07,1.5977310352217506e-09,7.167742761717936e-05,0.9811998191542722
wife,130,3.804352738840535e-09,0.1319046954938818,0.8680485496868693,4.675009544512089e-05,9.194511935560767e-10
stock,131,5.606817279324172e-11,0.0003826344186621922,3.313059159575968e-11,0.9996173654856519,6.4870240959096204e-12
shed,132,2.3317658816354943e-08,0.06076157037453025,0.9392374150658825,9.893557457625714e-07,1.8861825218534e-09
cow,133,1.3828824112470224e-10,5.574451940115375e-08,7.266123014848581e-05,0.9999272828798723,7.171524008654703e-12
horse,134,1.4481495662736789e-09,0.9904100245614531,0.009588519998489023,1.4539257720903537e-06,6.613622149433541e-11
aunt,135,0.9995561965697631,1.1594798502337735e-05,4.0541699621366967e-07,8.942745669939591e-05,0.000342375758038894
em,136,2.7301321763063294e-09,1.486105401112876e-12,1.1071400134595098e-05,3.926172755130451e-12,0.999988925864321
work,137,0.9984470726307906,1.5484860542230547e-09,0.0015528799566505475,2.4732887833559724e-09,4.3390784008444977e-08
door,138,3.0406023677540807e-05,2.2631865952725994e-07,0.9982684597605989,0.0016922084123594506,8.699484704518937e-06
glance,139,1.1445504311362575e-10,0.9999539918446988,4.59036487692024e-05,1.0437321243023593e-07,1.886444465508423e-11
danger,140,5.981755538232634e-11,9.541420775538366e-08,0.0009828141530764214,0.9990170903693482,3.550096511858172e-12
hand,141,0.35070086637552067,0.19269013473355548,1.8184040737225146e-07,0.45152351918845113,0.005085297862065357
quick,142,2.0662151395795209e-07,0.9051152799629331,0.09488428765259073,2.240806417690954e-07,1.6823206583057245e-09
arm,143,7.845478168982372e-08,2.010415716429867e-11,0.0007952232167445093,3.233072460540776e-11,0.999204698276039
bed,144,0.9999980392398943,3.5511955809858755e-07,3.4670521517133684e-07,2.578527414995163e-07,1.0010825910769785e-06
girl,145,3.664023700018993e-08,1.8666777832800848e-07,0.00015170071068653583,0.9998480759591394,2.2158707094110527e-11
aunt,146,1.8302766038824092e-09,2.8035857445631376e-09,0.9999999647990594,3.9323305160320684e-09,2.66347476787298e-08
em,147,3.7448244556528346e-07,2.861580170496481e-12,2.2253680690910513e-05,1.7948413416869165e-11,0.9999773718160535
trap,148,1.7198482199180152e-05,0.11233041819928806,0.8876515208319377,7.277173696053124e-07,1.3476920549487448e-07
door,149,0.0006410131106213975,0.010485536646845471,7.275433697050357e-10,0.9887591132909331,0.00011433622405654874
floor,150,8.119362091192626e-08,0.4429327168676751,0.557064979432799,1.9063806343624938e-06,3.16125270652271e-07
ladder,151,0.9639026614147874,4.981780943022962e-10,0.03609041476980192,6.6294323749280935e-09,6.91668780026555e-06
hole,152,0.9785129759167841,5.656251074362045e-10,0.021474783897264583,1.0219674780831976e-09,1.223859835869221e-05
aunt,153,0.9363110596510565,1.6472660358068474e-05,5.404061223345053e-07,6.7101194659529215e-06,0.06366521716299711
way,154,4.124552574860895e-09,5.336866653222223e-07,0.0019805186040084883,0.9980189344041939,9.180579783686438e-09
room,155,7.287918478889337e-10,1.5361296066663104e-12,8.072244518107906e-06,6.183125395411901e-13,0.9999919270245357
wind,156,0.9997143329020239,3.085176575047038e-11,0.00028542105013430947,4.5475756417134103e-11,2.459715141564653e-07
house,157,1.8264432855630615e-07,2.9667350998489377e-05,0.9999665211127119,5.5679018116828645e-08,3.573212943004425e-06
footing,158,0.5445168179340563,0.00026872484933612267,4.9648888172260674e-08,0.0058776698291437045,0.44933673773857574
floor,159,4.690266295441985e-08,0.048087622055080284,0.9519087554001635,3.5247004342230293e-06,5.0941659074575415e-08
thing,160,0.998119643632532,5.325602287449911e-12,0.0018800904751058243,1.0693616664863682e-10,2.6578010046870545e-07
house,161,0.002449834699973555,0.0771121723401765,9.555232315174256e-09,0.9201552456425525,0.0002827377620650994
time,162,1.3571885590928214e-11,1.6187578896103145e-10,0.9999999807882026,1.1648299079797741e-09,1.7871519730320848e-08
air,163,7.356080247967233e-06,0.3930972821022508,0.6068952079393866,1.0570949338379014e-07,4.8168621319376355e-08
balloon,164,2.485250938111715e-08,8.790095040395648e-08,0.0019054359724044539,0.9980944511564626,1.1767323064895187e-10
wind,165,3.921434097337444e-08,2.369964046133936e-12,1.2737018001066399e-05,9.82822971029218e-13,0.9999872237643052
house,166,0.06629792826583682,0.7581181074539558,7.455028474501701e-09,0.17242767794980085,0.003156278875378116
center,167,0.9999882490254727,2.3689603750808576e-12,1.1691581617637844e-05,4.1124927915930724e-13,5.9390129439246646e-08
cyclone,168,1.9060293728968986e-08,4.971328262777896e-09,0.003745884708054345,7.116928696204438e-10,0.9962540905486308
cyclone,169,0.9964026857769127,2.4480911327448327e-08,0.0035972825990734703,2.008417893234816e-09,5.134684618224367e-09
air,170,0.0011211535799936713,1.3752079135077196e-06,0.14403998425833142,0.8547746662186518,6.28207351095624e-05
pressure,171,7.73297181325194e-09,5.589358227897844e-15,3.1998035797284216e-09,3.408762180866359e-16,0.9999999890672188
wind,172,9.845980639567438e-09,3.054981419570943e-14,2.478641347368626e-09,5.1422182558592404e-15,0.9999999876753424
side,173,0.9999994058011956,1.1379645386422404e-16,1.160203005595742e-09,2.873652640415544e-17,5.930386012234756e-07
house,174,0.0004645473109621475,0.0037428101858614535,0.9947131292264221,0.0005500004517832542,0.0005295128249710753
top,175,0.9998617799711159,8.165974913326811e-10,0.00013820597501621728,8.614493744646527e-10,1.2375820992176614e-08
cyclone,176,1.42346844110082e-08,7.598813312698709e-11,2.3516589117246993e-05,9.911364915077274e-11,0.9999764690010965
mile,177,1.7778792790700347e-09,3.567995751252967e-15,2.771563399488326e-09,3.586345759709771e-15,0.9999999954505502
mile,178,0.9999994838999031,2.8387258793652115e-13,3.8222199894605495e-07,2.3710026648211454e-13,1.3387757699932018e-07
feather,179,0.9971724448057077,2.0229785532477253e-09,0.002827534926172406,1.3377870658667015e-09,1.690735431932704e-08
wind,180,1.988207194465596e-09,9.88083531758295e-15,8.489022286891209e-08,2.6230725630111607e-15,0.9999999131215574
whirl,181,6.77087433611381e-05,7.066488543297193e-08,0.9993170271524254,8.293594566951868e-09,0.0006151851457334165
time,182,0.9996661136237659,9.044100016854506e-06,1.5218614617172479e-06,2.7219901989423196e-07,0.00032304821573564624
house,183,6.17809596425193e-08,5.90800929797188e-11,0.9999993823690415,5.530579548684109e-07,2.7329637618714898e-09
baby,184,1.737350039678327e-10,0.9978678788367471,3.762193894443213e-12,0.002132120979840884,5.914723394339254e-12
cradle,185,4.082974458987602e-10,1.1499273465995243e-06,0.9954984143058602,0.004500435344297339,1.4198311446066615e-11
room,186,0.003641673300911512,4.0105524326068075e-08,1.7244177500589772e-09,3.176231261172397e-11,0.9963582848373842
floor,187,1.4676013560356174e-09,6.160944519955659e-06,0.9821301932755895,0.01786364424039986,7.188934604872769e-11
trap,188,2.206240420644324e-09,0.9985369165104379,2.024763012306251e-12,0.0014630811064941342,1.748027327630288e-10
door,189,8.132866710540287e-07,1.0317924183788441e-07,0.9999142520036468,8.472252263766475e-05,1.0900780259857395e-07
girl,190,2.1072473277264603e-10,7.431675297022007e-06,0.0001210463837265038,0.9998715216898817,4.036995510818902e-11
ear,191,1.343143274711922e-07,0.9994892833081077,0.0005105359746660603,2.3087464219771595e-08,2.331543439575678e-08
hole,192,0.9999780732005212,1.31753171306387e-09,2.189535428641658e-05,1.67380258985142e-10,2.9960280357973105e-08
pressure,193,6.610550762193275e-09,3.8518421310885586e-13,5.4130326087822395e-08,6.436358244386397e-14,0.9999999392586736
air,194,1.1233329970526604e-05,2.494478406681096e-07,0.004817211046150956,0.9951710868890683,2.192869693822969e-07
hole,195,1.780626803280847e-08,3.510594129830642e-11,3.8928806104657656e-07,1.8978172960823438e-11,0.9999995928515868
ear,196,2.6217234825363574e-06,0.9972842713640961,0.00271273568525708,7.461179550461162e-08,2.966153687998388e-07
room,197,0.9999841593851211,2.6676858057334314e-09,1.5663499717350472e-05,2.2832168560595345e-09,1.7216425899439044e-07
trap,198,1.75737616353854e-07,2.105288023101424e-07,0.0010725904925062298,0.998926676562981,3.4667809401313785e-07
door,199,0.00010604952797828124,0.8867380580079924,0.11280457524688928,1.564794549359211e-08,0.00035130156919464686
accident,200,1.6275055292021457e-08,1.2470899668513896e-06,0.0003694928830714307,0.9996291853200205,5.843188601520892e-08
hour,201,0.9999827209040291,1.3838006413259818e-09,1.6401923966898883e-05,8.685953491695945e-11,8.757013437728257e-07
hour,202,2.921632779599212e-10,1.2597046656949076e-12,6.011870060829612e-08,5.239767034961844e-14,0.9999999395878241
wind,203,0.9999860198803293,5.960009712167763e-11,1.3685708098565667e-05,1.8120883173596803e-12,2.94350159945109e-07
piece,204,2.7148096603149205e-07,3.754720348588636e-06,0.012422025563130342,0.9875739003830325,4.785252251735168e-08
house,205,0.032941245204885984,0.9387863103793931,8.254181177803348e-09,0.026810333831903874,0.0014621023296361327
hour,206,3.592024316710023e-08,3.1012060521006127e-12,4.769033922573367e-05,2.343672090783451e-13,0.9999522737371956
nothing,207,5.038076653095401e-09,9.366635387834309e-08,0.9999981334767177,1.3276863716741736e-07,1.6350502146161354e-06
future,208,0.9997042248488341,7.863000978240079e-13,0.0002957517829155968,9.356718727424234e-14,2.3367370413265974e-08
floor,209,9.652842352695792e-07,0.9041636615362052,8.372546797900206e-12,0.09583533640071418,3.6770472838230603e-08
bed,210,1.5932037036104397e-07,4.0679138859323416e-08,0.9997649594240822,3.857621362213485e-09,0.00023483671878740846
house,211,2.0565048929793042e-05,1.0851660850481733e-10,0.9999317882408582,4.684609481470839e-05,8.005068808928354e-07
wailing,212,2.9259856980895057e-07,0.9936547836565506,1.1259455973571028e-10,0.006344903180806465,2.045147843050313e-08
wind,213,1.7873347337454635e-09,6.470823861196271e-14,4.035887787940694e-07,2.157850382394508e-14,0.9999995946238002
eye,214,0.999972329432052,7.71288517695365e-12,2.7419939511163616e-05,6.593713041878371e-12,2.506141303130341e-07
chapter,215,0.9999930915183941,3.2882472334277348e-12,6.592280540722346e-06,4.8651200309086284e-12,3.16192911557998e-07
bed,216,5.440879880980656e-08,2.72069229954574e-07,0.40773272499584506,6.174184006139638e-07,0.5922663311077255
jar,217,8.555293167489822e-09,0.9976439120757125,0.0023559454253971983,1.3306801717771026e-07,8.755799383037102e-10
breath,218,1.277833130119914e-08,9.075641824876109e-08,0.05206417664796916,0.9479357193105237,5.067576288221694e-10
nose,219,0.9997720286444226,2.2921526524409006e-05,7.91783809237636e-06,1.962220135004279e-05,0.0001775097896105331
face,220,0.999930650949055,5.14731507050947e-06,6.719573247873408e-06,6.257409313912287e-06,5.122475331287168e-05
house,221,5.251213288442916e-08,1.6360292343538208e-07,0.9999997771976127,4.2234003002631834e-09,2.46393057948404e-09
window,222,1.5100209500633036e-06,2.878301035332573e-09,0.9999929556116867,1.1912065357861127e-08,5.519576996811139e-06
room,223,5.838272362060904e-07,3.4358489569615716e-11,0.022162762486439825,2.099139753971763e-10,0.9778366534420515
bed,224,0.9942715287191423,2.4007733381539767e-07,1.9633591583619703e-09,2.1298633540221473e-06,0.005726099376810697
heel,225,1.216001123708582e-07,0.004690600880156286,0.9953092557885287,2.1242628764548195e-08,4.885739110030408e-10
door,226,0.0011868874132981177,0.13702682436392763,9.770937927348381e-09,0.8617797757075617,6.502744274585264e-06
girl,227,3.0763710124808944e-10,1.9322173270005485e-08,0.00010584172872386342,0.9998941386401913,1.2745048570111118e-12
cry,228,8.934183360515054e-06,0.8024653717751231,0.1975252890188833,3.78360679356819e-07,2.6661953731016587e-08
eye,229,1.0614836446472071e-07,6.519676737331892e-12,4.656721772890783e-06,3.9835318564333704e-11,0.9999952370835076
sight,230,2.694446367483243e-08,3.098408188580368e-13,1.1941295576391036e-07,1.6745028386409242e-12,0.9999998536405962
cyclone,231,0.9953209778594706,2.5880209230387427e-08,0.004678863176474848,1.2772198670987622e-07,5.361858643363804e-09
house,232,0.0002783423987155732,0.004907936162713837,0.9941123519902724,3.067807356998624e-07,0.000701062667562532
cyclone,233,0.9876148480954455,3.3534784905146903e-07,0.012384404435292585,3.16017745381913e-07,9.610366759958145e-08
midst,234,5.075365727533704e-08,1.197390185558193e-06,0.00024358080156150483,0.9997551641016761,6.9529195227020135e-09
beauty,235,2.7188927458513267e-08,1.3159305965176212e-10,0.00038435739624555475,6.069689807001969e-11,0.999615615222537
tree,236,0.9894544935249426,5.007941535967851e-07,3.257079542860455e-10,4.595402299479725e-07,0.010544545814965707
fruit,237,2.272894369660107e-06,0.002697834767238354,0.9972872585786521,1.262185143778205e-05,1.1908302089410902e-08
bank,238,3.580649308365416e-06,0.00028297164004916647,0.9995123589944891,0.000201070150019415,1.8566134096822055e-08
flower,239,4.352240760105062e-10,1.920723504791882e-12,0.9999979190160604,4.735294501862528e-12,2.080542059514489e-06
hand,240,0.9806916682198015,0.002459592440151037,2.0982237209516483e-08,0.010060610184595229,0.006788108173215053
bird,241,0.9999921484018162,5.070397108012363e-13,7.845997201693145e-06,2.8618420095566064e-12,5.5976133181604185e-09
tree,242,1.3962721931375513e-06,4.902600450002073e-08,0.9843666518529562,3.1938618692173383e-07,0.01563158346265917
way,243,1.403375193311375e-07,0.9999671300608997,3.236991547892353e-05,3.595582963182281e-07,1.2780598940139405e-10
brook,244,1.106541628879473e-06,1.1633810732018378e-11,7.270430848114292e-07,2.2842269164714075e-11,0.9999981663808102
bank,245,2.769046830979685e-05,1.336162628990262e-07,0.0018054354229847633,0.9981667351872493,5.305193300555635e-09
voice,246,1.900087456892932e-06,4.3185505404535297e-10,3.1515052036415577e-06,1.7597050112775457e-10,0.9999949477995139
girl,247,2.649248115126327e-09,0.9999996575740431,3.1321046223325563e-07,2.6563803647762804e-08,2.442852155686365e-12
prairie,248,3.05387171032787e-08,4.677070853009006e-07,9.957612016220637e-06,0.9999895440058199,1.3636152221843105e-10
sight,249,1.8807294452948614e-08,2.020552162048589e-11,1.3949870674719615e-07,2.999447847677552e-12,0.9999998416707938
group,250,0.9999765538199672,1.3696230086932782e-09,2.34236632728188e-05,2.9180216500107626e-10,2.0855334886406444e-08
people,251,9.48453188674028e-09,2.1350670474732848e-07,0.0003581914373022006,0.9996415833780827,2.193378515608106e-09
folk,252,3.0273016853147514e-08,0.992953849548511,0.007045973748325388,1.369033158646565e-07,9.526830930513638e-09
fact,253,1.2278034496530685e-05,1.4026732967658879e-09,1.317618685767523e-07,1.0176871390155892e-08,0.9999875786240902
child,254,0.00015279304419904218,1.8269699917700787e-09,0.9998471538984512,5.118374800974043e-08,4.6631611148522894e-11
age,255,1.9174487351608188e-10,0.0009205645757182178,1.0059919134668951e-12,0.9990794351678428,6.368795612970655e-11
year,256,2.3075237058410028e-08,0.02804074868203669,0.9719547798264527,4.443245582731613e-06,5.170690808277978e-09
woman,257,4.1657592519730144e-09,0.02577174894600303,0.9742222005778169,6.045758869363702e-06,5.515515624152894e-10
hat,258,0.3812516791634383,1.8085372535928702e-07,1.234852367268453e-09,7.973404147392032e-05,0.6186684047065101
point,259,5.886891430501814e-08,0.0026651366150883425,0.9973346879711187,1.1161788275036598e-07,4.9269958570983615e-09
foot,260,8.365547516478907e-08,0.0008081121879528414,1.2747850363828851e-09,0.999191791230415,1.1651372032718385e-08
head,261,4.752306635133922e-10,1.6448439504766499e-15,2.1343266481977543e-07,5.118617995136212e-15,0.9999997860920977
bell,262,0.9999792526536826,6.101916757315506e-12,2.0575472321936674e-05,4.501644770228163e-12,1.7186339183795482e-07
brim,263,0.9999990996712029,1.3814128999992145e-12,5.409301583229137e-07,3.4454087942949383e-13,3.5939691280557807e-07
hat,264,1.7125616468694786e-08,5.120016544524831e-09,0.00023962320587609222,7.282466853041368e-10,0.9997603538202442
woman,265,7.132689416212134e-06,9.093882560973079e-07,0.006037045581176596,0.9939534070434871,1.5052976639575224e-06
hat,266,1.2856507362353893e-08,9.632112530240736e-09,0.0005090624670088881,4.000464485789383e-09,0.9994909110439067
gown,267,0.9999892409351856,2.0137256257040618e-11,1.0072854749266038e-05,2.6290787876579586e-11,6.861636369803818e-07
shoulder,268,1.1205784088879205e-07,0.9672592305534646,0.03273980267371691,1.77164541092465e-07,6.77550436293351e-07
star,269,0.9814373150601631,9.26651119819567e-10,0.018561306954448565,1.2218406175217767e-09,1.3758368967562078e-06
sun,270,0.14029797563707308,0.0019156388337130124,1.7126132410332657e-08,0.0008760656316174776,0.8569103027714641
diamond,271,1.252886185412448e-07,3.6076517515611416e-08,0.977904000991676,0.02209576286144201,7.478174602631434e-08
shade,272,0.008037485402490885,0.8684998766290802,7.235810418487573e-05,0.12337868993495006,1.1589929293902116e-05
hat,273,2.6946085134720652e-08,1.814078403161932e-08,0.2538797828321862,2.086551862168451e-09,0.7461201699943928
boot,274,0.9999581837254551,5.3287228699975465e-12,4.172632122613784e-05,5.010463995963981e-13,8.994748913823472e-08
top,275,1.6277938647431826e-08,1.090345567469558e-08,0.007192604687347464,6.450205113669243e-10,0.9928073674862378
uncle,276,0.999541311832228,4.5122565025214955e-11,0.00045829737757712693,8.362560211276802e-13,3.907442359665806e-07
henry,277,1.5127506704881383e-07,2.603713877685494e-06,0.8433504582772239,0.1566467193465325,6.738729887958214e-08
beard,278,1.5268197000433238e-07,0.9938613316211905,6.211749596708983e-11,0.006138490993722583,2.4640999297268514e-08
woman,279,2.350627907416897e-09,9.798139983874719e-08,0.9977343933620805,0.0022655062265951303,7.92966275931138e-11
face,280,0.9997741582028573,7.985907399649201e-05,7.807404513159395e-05,7.493377279409312e-07,6.715934028665535e-05
wrinkle,281,1.0051591668640844e-14,6.2566281420959895e-12,0.9999999999883192,9.091440483586363e-14,5.323064022093335e-12
hair,282,3.427503744793301e-09,0.9935807580927283,2.1209089694356228e-10,0.006419238240726198,2.695076353777542e-11
people,283,1.0142068788840437e-10,1.50848335094472e-08,0.9986299806235625,0.001370004187582243,2.600935489454727e-12
house,284,0.00012761407344477813,0.991996246780135,1.979755280040668e-06,0.007854291715866215,1.9867675274077972e-05
doorway,285,2.3868183432550458e-09,0.9905675600741157,1.7780515923594697e-10,0.009432434625504514,2.735756365688835e-09
woman,286,6.302922743762667e-10,5.6554859673345576e-08,0.9954820725813193,0.004517863117427053,7.116101800298697e-09
bow,287,1.470545740149978e-05,0.0005650436656130712,0.9993812776669261,3.8520987441046976e-05,4.522226184398133e-07
voice,288,0.906200266760009,1.862661854942542e-09,0.09373609763134431,6.149161028860724e-11,6.36336844933244e-05
sorceress,289,0.0002453260380369413,2.1848614210793557e-09,1.1353517912977973e-12,1.2521898378935563e-10,0.9997546716507474
land,290,0.00023969568206990612,8.520639558000592e-06,0.9997513512594566,4.2970264399040846e-07,2.716271468097579e-09
east,291,9.343005640901135e-08,6.396988251629776e-07,0.9360978306972464,0.06390085525625938,5.80917612772991e-07
people,292,4.8863103802878885e-09,0.9802650625313647,1.539591887728123e-12,0.019734927318319034,5.2624663625878526e-09
bondage,293,7.0972912700205135e-12,8.366498305667683e-23,3.013131321808799e-11,2.4704557828075853e-24,0.9999999999627713
wonder,294,8.267936909219975e-05,4.6501912906309324e-07,0.9999168336916974,2.1919796010906315e-08,2.8542369566550854e-13
woman,295,6.41522213813444e-08,1.0940336123692824e-06,0.39732795410828264,0.6026708610839145,2.6621969016546503e-08
sorceress,296,0.0790774169811962,1.306608900623705e-06,3.3549944499783395e-11,2.195441659168516e-07,0.9209210568321873
east,297,1.0958667551261761e-08,0.9884710591320127,0.01152890017997933,2.415389598218516e-08,5.575444468832515e-09
girl,298,5.477315812398211e-10,3.299412686133651e-07,0.000290464132100875,0.9997092051295792,2.493196406154848e-10
cyclone,299,0.27741247877209446,1.935711264150874e-07,0.7225872054912563,1.1927970973073762e-07,2.8858132780599076e-09
mile,300,5.710491278647347e-09,2.861481035106405e-12,0.00011040523400453218,3.5013836618263816e-12,0.9998895890491414
home,301,0.9995080149799928,7.046627836276824e-07,5.75175703009032e-07,3.0896470154098026e-06,0.00048761553450510554
life,302,1.7274138972446954e-07,7.396724992719909e-08,0.9999983764273367,1.0340626590091104e-06,3.4280136453419853e-07
woman,303,1.5215176920539416e-09,0.0014165153056057399,0.9985834679521389,1.5141784114231424e-08,7.895354108880131e-11
hesitation,304,7.751685710292386e-08,0.00504527923091356,1.7175492565826066e-09,0.9949546374542174,4.080462676852069e-09
mistake,305,0.8985273107551741,0.0002521929965558956,0.0001131000432982443,0.07559017160131686,0.02551722460365489
house,306,2.7271645844298984e-09,1.074019776760919e-07,0.9999998898093666,4.018288319901419e-12,5.7472911808572244e-11
woman,307,1.644990891790999e-09,0.001975525654366928,1.1160432068161165e-11,0.9980244726792517,1.0229974525408363e-11
laugh,308,1.7845054335432944e-08,0.025165856803609943,0.9748325712756504,1.5540472178188496e-06,2.846757981724746e-11
thing,309,3.422458622963553e-05,1.1064920499475722e-12,3.262654004544533e-06,2.873426053346059e-10,0.9999625124713167
corner,310,5.742713195527929e-12,5.7393637825795315e-12,0.999999998501446,1.2985650205110536e-09,1.8850699769945237e-10
house,311,2.9785970044167254e-07,5.761184255198101e-07,0.9999991256030355,3.216419034285403e-11,3.866744873942138e-10
toe,312,0.9404558657221103,3.83523638102227e-08,2.6193196776852196e-08,7.554935372912995e-06,0.059536514796956166
block,313,5.565389292152143e-08,0.005227462002557319,1.186288686096314e-09,0.9947724808171707,3.4009034258244477e-10
wood,314,2.1576315843276961e-10,9.706769383267518e-06,0.999990292914383,9.895304580623006e-11,1.5175554075038865e-12
cry,315,2.292393842927265e-07,0.011398125019823097,1.6415909042057016e-08,0.9886016281208563,1.2040271844907676e-09
corner,316,9.985547905694287e-15,1.9100935207318872e-14,0.9999999999987075,2.742490696245771e-13,9.89143134014142e-13
beam,317,1.3549531562824364e-08,0.00819927912527633,1.4769415571699775e-09,0.9918007057223194,1.2593107407452717e-10
house,318,0.00017251534533196936,0.0046713663572165815,5.418632262607612e-07,0.9951516050669744,3.9713672507702115e-06
foot,319,2.326020076603259e-09,0.002044839342185236,0.997955075577137,8.262079118194202e-08,1.3386656278361952e-10
shoe,320,4.928051696806928e-09,0.09129343438207296,0.9086999774734279,6.582591699400759e-06,6.247482012511067e-10
toe,321,1.1837004314985864e-06,1.4381847742019438e-10,0.9999986992093521,1.0838914826556496e-07,8.557249628071114e-09
hand,322,0.03653680241406324,0.001880474346649746,4.755881572150049e-06,0.9568361137832005,0.004741853574514114
house,323,6.8554996647467285e-06,0.0013862153623977462,4.3623525366941525e-09,0.9986054387149733,1.4860606115686994e-06
nothing,324,5.708756301592682e-07,1.0732625022628537e-07,0.9999992219687395,5.664100618017403e-11,9.977273908884483e-08
woman,325,8.428508890786172e-09,0.8835125069064141,0.11642269734252118,6.478428499342378e-05,3.0375624419400584e-09
east,326,6.523128995654641e-09,0.996248209062163,0.0037261861155857352,2.559287703632879e-05,5.422086177351342e-09
woman,327,1.7856327684575327e-11,2.512835748605943e-09,9.027951758789622e-06,0.9999909694798822,3.766689965903796e-11
bondage,328,0.9998291028478499,8.605052586160122e-17,2.7400264309877897e-08,9.135959993441511e-16,0.00017086975188485029
year,329,1.1981966160522089e-09,0.999899897371169,9.958307083774004e-05,5.158448207653043e-07,2.514975837247794e-09
slave,330,9.477535363485096e-10,1.7281558747181544e-08,0.00012141387752340131,0.9998785670646249,8.285395727559905e-10
night,331,8.2713807604356e-10,0.9996743093933292,0.0003252783650083447,4.111525126775512e-07,2.620116055316639e-10
day,332,2.154517385750255e-17,1.265044209648051e-08,5.034822577086385e-07,0.9999994838673001,2.10296290653411e-18
people,333,1.5307564498623333e-10,0.9922450595493458,0.0077543482938356055,5.91986325192504e-07,1.7417823799467425e-11
land,334,0.0685745403940845,0.0071599358023742045,2.1548736995574182e-08,0.07421474699825543,0.8500507552565489
east,335,1.9015323812067175e-09,5.442892039916186e-05,0.9998328304135925,0.0001127385510290078,2.1344685332970776e-10
friend,336,0.9980755311142903,3.049906228691918e-05,0.0005325262502222331,0.00030459660447548103,0.0010568469687249722
land,337,4.241005754382321e-09,3.699600426342287e-08,0.9999992718591282,6.845160860605335e-07,2.3877757126007554e-09
east,338,2.307267563712073e-09,0.010949799315852098,4.1969752825141144e-11,0.9890501980313732,3.0353727008962285e-10
messenger,339,4.151911699271427e-09,0.0026331531902782346,0.9973667694375633,7.266861838845094e-08,5.516283890946869e-10
woman,340,6.527523479988498e-11,0.00012810092515609154,9.47429519637995e-11,0.9998718989064218,8.404050862466158e-12
people,341,9.546440541571014e-10,0.8755947029584764,0.12439432800890012,1.0967916356946834e-05,1.6162242890585558e-10
people,342,4.5285777265209114e-10,0.9616457009510125,0.03835109185147259,3.2066008200615797e-06,1.4383703906522363e-10
